! EM field energy per field component
  Iter        Time                          B1                      B2                      B3                      E1                      E2                      E3
     0   0.0000000      0.0000000000000000E+00  0.0000000000000000E+00  0.0000000000000000E+00  0.0000000000000000E+00  0.0000000000000000E+00  0.0000000000000000E+00
    40   1.2800000      0.0000000000000000E+00  3.1692489192909520E-10  4.7239762188892875E-10  1.4445841281966606E-08  1.9818261224891642E-10  5.6193342538003969E-11
    80   2.5600000      0.0000000000000000E+00  9.2903862419365491E-11  4.4746192640442671E-10  7.7757914544005800E-07  2.1077939909395264E-10  5.6197888242850062E-11
   120   3.8400000      0.0000000000000000E+00  3.4332390096364563E-10  7.2143882185598118E-10  4.3080826126244068E-06  1.1717799255894663E-10  8.3275200434373094E-11
   160   5.1200000      0.0000000000000000E+00  2.2591506296417370E-10  3.7555111241774046E-10  6.4388972618121593E-06  2.7699264844112179E-10  8.6761668366792744E-11
   200   6.4000000      0.0000000000000000E+00  3.3696114206134645E-10  1.7107073104940693E-10  4.8845809572828430E-06  2.9144166656663040E-10  1.1702148803103655E-10
   240   7.6800000      0.0000000000000000E+00  3.8191987177971579E-10  3.5080978149068044E-10  6.4376523575615982E-06  2.4689043827969150E-10  9.5499010163655310E-11
   280   8.9600000      0.0000000000000000E+00  2.7531088203002338E-10  3.4735512577005063E-10  5.0978856298218000E-06  2.6239262850389698E-10  8.8935528979367973E-11
   320   10.240000      0.0000000000000000E+00  6.3803368809898687E-10  3.2712767602765623E-10  5.5167283365327621E-06  2.9870093318048502E-10  7.2215410883030604E-11
   360   11.520000      0.0000000000000000E+00  3.1264179141561103E-10  4.8272835596561804E-10  6.3023955408910146E-06  1.7284231328416025E-10  6.0169522025941450E-11
   400   12.800000      0.0000000000000000E+00  8.2597280727801826E-10  6.2653475028962227E-10  4.3809561235500914E-06  1.0002790024935068E-10  3.2440021615564857E-11
   440   14.080000      0.0000000000000000E+00  3.6210961920927253E-10  4.6631140881574846E-10  7.1140788361446818E-06  2.3138649770610335E-10  3.6255973549416892E-11
   480   15.360000      0.0000000000000000E+00  6.8978153794260712E-10  7.8696014653946942E-10  4.2887098682845827E-06  7.9265595610720705E-11  3.6377000338349823E-11
   520   16.640000      0.0000000000000000E+00  2.1808636737108850E-10  5.8058661525131771E-10  6.3330426284070843E-06  1.2043912611741661E-10  5.6606687206159477E-11
   560   17.920000      0.0000000000000000E+00  5.1990720333842997E-10  6.1229372690090500E-10  5.7127994468722335E-06  2.7236637369206832E-10  7.9000201096707448E-11
   600   19.200000      0.0000000000000000E+00  2.3441311334233046E-10  5.8591924865865648E-10  4.6042638995681047E-06  1.9121829172009080E-10  9.6998501625371971E-11
   640   20.480000      0.0000000000000000E+00  2.5334207764313795E-10  5.2828220709358199E-10  7.1612570077079416E-06  2.5853892926602631E-10  1.1101348932330969E-10
   680   21.760000      0.0000000000000000E+00  2.6617740730705887E-10  3.6421311452886330E-10  3.7102128467288472E-06  3.2832794825158240E-10  1.0318072607277356E-10
   720   23.040000      0.0000000000000000E+00  1.9696282258399344E-10  3.5395426834394093E-10  7.1324377971641697E-06  2.6186760899393476E-10  8.7899626033250986E-11
   760   24.320000      0.0000000000000000E+00  3.6840824234049942E-10  4.3610608149792154E-10  4.5942509642534058E-06  2.0516159583484596E-10  8.5253425861269071E-11
   800   25.600000      0.0000000000000000E+00  2.3221229738749102E-10  3.3672910434364607E-10  5.4883840075846915E-06  2.4138479943140972E-10  5.5384787530309689E-11
   840   26.880000      0.0000000000000000E+00  4.1175721975002111E-10  3.0339933475422907E-10  6.6012219848211253E-06  1.9112182153379828E-10  3.4739781931874210E-11
   880   28.160000      0.0000000000000000E+00  2.6737192899261353E-10  4.1981845641659379E-10  3.7774597932721796E-06  4.6656090981847298E-11  3.3482060702131335E-11
   920   29.440000      0.0000000000000000E+00  3.3688327690417095E-10  2.0547035843909761E-10  7.4977825927320745E-06  1.7979683323692662E-10  3.7185709884443057E-11
   960   30.720000      0.0000000000000000E+00  2.6649152071364617E-10  4.6594446606123621E-10  3.7097114235897834E-06  1.7868753143914495E-10  6.7095887373830529E-11
  1000   32.000000      0.0000000000000000E+00  2.3914113265858396E-10  5.7288525907123608E-10  6.7349196541938715E-06  9.1650483972028496E-11  5.4058981304864147E-11
  1040   33.280000      0.0000000000000000E+00  1.5478609330826284E-10  3.5111423553307358E-10  5.2310545662748922E-06  2.8749623336394373E-10  1.0978575420822905E-10
  1080   34.560000      0.0000000000000000E+00  1.0572422593400148E-10  1.7481246016094175E-10  4.9026788678746905E-06  2.8498986372255999E-10  9.1273847813952472E-11
  1120   35.840000      0.0000000000000000E+00  1.8733705374301893E-10  1.7317459093578856E-10  6.8064128871102731E-06  2.1340163822030827E-10  1.0922739915742808E-10
  1160   37.120000      0.0000000000000000E+00  1.9131394415058196E-10  1.3996668726717646E-10  3.8524617103623245E-06  3.1861383877532606E-10  8.8869559672848391E-11
  1200   38.400000      0.0000000000000000E+00  1.6795560218278493E-10  3.1078375713773012E-10  6.9677414713326201E-06  2.8261205000990094E-10  9.2262940225078550E-11
  1240   39.680000      0.0000000000000000E+00  3.5543306277569374E-10  2.7496949974161295E-10  4.4270927389253226E-06  1.8978430699258417E-10  6.1748958620609121E-11
  1280   40.960000      0.0000000000000000E+00  3.0736124821804440E-10  6.6409939715613675E-10  5.9068785942882489E-06  1.1960536067703859E-10  3.4368728703148908E-11
  1320   42.240000      0.0000000000000000E+00  3.8955922013250729E-10  1.9777760785465995E-10  5.8334079295473775E-06  2.2768471412744013E-10  4.3811956719279186E-11
  1360   43.520000      0.0000000000000000E+00  3.5645621531262952E-10  1.0949791049303585E-09  4.6995416888490015E-06  7.1696104503350410E-11  3.7629197117284135E-11
  1400   44.800000      0.0000000000000000E+00  3.7424790826369275E-10  3.3857649914722244E-10  6.4616048230051952E-06  1.0683207095275146E-10  4.0468458632806770E-11
  1440   46.080000      0.0000000000000000E+00  2.7190667761471716E-10  1.0973852254745649E-09  4.5081433766330139E-06  2.7420861957746113E-10  7.9773256442727102E-11
  1480   47.360000      0.0000000000000000E+00  2.4975549638687238E-10  4.9808331144538631E-10  6.1302452565036585E-06  1.5260041798598696E-10  9.0647391079236256E-11
  1520   48.640000      0.0000000000000000E+00  2.3872684957190817E-10  1.0698698043190314E-09  5.3097198286987282E-06  2.6216461946314769E-10  1.0467097682514141E-10
  1560   49.920000      0.0000000000000000E+00  2.1505687913964085E-10  6.9313149286103771E-10  5.2563833487044463E-06  3.1997087706358645E-10  1.0260785566831831E-10
