! Kinetic energy for species "electrons"
  Iter        Time          Total Par.             Kin. Energy
     0   0.0000000            9600000  1.4200533061883742E-02
    40   1.2800000            9600000  1.4200591103651655E-02
    80   2.5600000            9600000  1.4201899143816065E-02
   120   3.8400000            9600000  1.4204460795367489E-02
   160   5.1200000            9600000  1.4206962926628472E-02
   200   6.4000000            9600000  1.4209005436864767E-02
   240   7.6800000            9600000  1.4207452242284455E-02
   280   8.9600000            9600000  1.4208792243883109E-02
   320   10.240000            9600000  1.4208372332484294E-02
   360   11.520000            9600000  1.4207588094104918E-02
   400   12.800000            9600000  1.4209507552152199E-02
   440   14.080000            9600000  1.4206776472832083E-02
   480   15.360000            9600000  1.4209600066449855E-02
   520   16.640000            9600000  1.4207557030161912E-02
   560   17.920000            9600000  1.4208176764139786E-02
   600   19.200000            9600000  1.4209284684806789E-02
   640   20.480000            9600000  1.4206729312780856E-02
   680   21.760000            9600000  1.4210178468315635E-02
   720   23.040000            9600000  1.4206758115007607E-02
   760   24.320000            9600000  1.4209294945211785E-02
   800   25.600000            9600000  1.4208401235555685E-02
   840   26.880000            9600000  1.4207289196276706E-02
   880   28.160000            9600000  1.4210111176014003E-02
   920   29.440000            9600000  1.4206393361304274E-02
   960   30.720000            9600000  1.4210178715539101E-02
  1000   32.000000            9600000  1.4207155836511057E-02
  1040   33.280000            9600000  1.4208658363157378E-02
  1080   34.560000            9600000  1.4208987155069120E-02
  1120   35.840000            9600000  1.4207084235114277E-02
  1160   37.120000            9600000  1.4210036489898549E-02
  1200   38.400000            9600000  1.4206922971997105E-02
  1240   39.680000            9600000  1.4209461738652885E-02
  1280   40.960000            9600000  1.4207983122265665E-02
  1320   42.240000            9600000  1.4208056169424903E-02
  1360   43.520000            9600000  1.4209189482954012E-02
  1400   44.800000            9600000  1.4207428598678970E-02
  1440   46.080000            9600000  1.4209380114984030E-02
  1480   47.360000            9600000  1.4207759936235685E-02
  1520   48.640000            9600000  1.4208578680389543E-02
  1560   49.920000            9600000  1.4208633312046269E-02
