! EM field energy per field component
  Iter        Time                          B1                      B2                      B3                      E1                      E2                      E3
     0   0.0000000      0.0000000000000000E+00  0.0000000000000000E+00  0.0000000000000000E+00  0.0000000000000000E+00  0.0000000000000000E+00  0.0000000000000000E+00
    40   1.2800000      0.0000000000000000E+00  3.1689625612012893E-10  4.7239993028655557E-10  1.3630589202873173E-08  1.9818572828817567E-10  5.6185944243964940E-11
    80   2.5600000      0.0000000000000000E+00  9.3099347977134898E-11  4.4757569613960861E-10  8.3920370252589388E-07  2.1052017438104651E-10  5.6200705234944617E-11
   120   3.8400000      0.0000000000000000E+00  3.4339761328680488E-10  7.2454275926089960E-10  4.1101899004943499E-06  1.1691140416621411E-10  8.3231479245292850E-11
   160   5.1200000      0.0000000000000000E+00  2.2479180842484727E-10  3.7680219672458347E-10  5.6957513554659905E-06  2.7771215561382540E-10  8.7258391243914211E-11
   200   6.4000000      0.0000000000000000E+00  3.3606030634329338E-10  1.6960398288599781E-10  6.1267918094137635E-06  2.9212575913518974E-10  1.1689042345735911E-10
   240   7.6800000      0.0000000000000000E+00  3.8223040495039292E-10  3.5247836805394504E-10  4.9849427046587632E-06  2.4586841227660370E-10  9.4574547595730085E-11
   280   8.9600000      0.0000000000000000E+00  2.8027208926701826E-10  3.4844519085442815E-10  6.0632763610817956E-06  2.6226665312069032E-10  8.9173157347937622E-11
   320   10.240000      0.0000000000000000E+00  6.4077149018452649E-10  3.2529946581255513E-10  5.2674476343556094E-06  2.9822384022208763E-10  7.2350859279218020E-11
   360   11.520000      0.0000000000000000E+00  3.1691392128935706E-10  4.7702310188273042E-10  5.7607933962009087E-06  1.7283680303405114E-10  6.0196140985324974E-11
   400   12.800000      0.0000000000000000E+00  8.3225898470655541E-10  6.2286542686570383E-10  5.5629495413151688E-06  1.0030161477003154E-10  3.2932534251058401E-11
   440   14.080000      0.0000000000000000E+00  3.6847974237877202E-10  4.7123332559969939E-10  5.5020482671386329E-06  2.3231765155043852E-10  3.6705464989433990E-11
   480   15.360000      0.0000000000000000E+00  7.0398338346518216E-10  7.9386301035055527E-10  5.8763607713959467E-06  7.8378757531844840E-11  3.6713331537712259E-11
   520   16.640000      0.0000000000000000E+00  2.2402419645654208E-10  5.8422923192607066E-10  5.1876499225044637E-06  1.2229437115827312E-10  5.6898606151477374E-11
   560   17.920000      0.0000000000000000E+00  5.3138370452979532E-10  6.1368739310552929E-10  6.0521092196732545E-06  2.7259466806115343E-10  7.8769267924103833E-11
   600   19.200000      0.0000000000000000E+00  2.3651631236302028E-10  5.8775512866942825E-10  5.1975982323306761E-06  1.9199948589831346E-10  9.7218586312804591E-11
   640   20.480000      0.0000000000000000E+00  2.5617828558076558E-10  5.2791556427795432E-10  5.9438025953927386E-06  2.5823235950078297E-10  1.1205815981861980E-10
   680   21.760000      0.0000000000000000E+00  2.7181369493043895E-10  3.6964732822595655E-10  5.3997110298396674E-06  3.2912526900311931E-10  1.0353951103420404E-10
   720   23.040000      0.0000000000000000E+00  2.0252812474934897E-10  3.5813126154760298E-10  5.6878110588634045E-06  2.6453382854872683E-10  8.8023652913415767E-11
   760   24.320000      0.0000000000000000E+00  3.7205980965448654E-10  4.3386041707471019E-10  5.7307823403726641E-06  2.0510968263482024E-10  8.5910906794928514E-11
   800   25.600000      0.0000000000000000E+00  2.2587178185027273E-10  3.2879902255707922E-10  5.2801259672397573E-06  2.4352437818586468E-10  5.5467134662305632E-11
   840   26.880000      0.0000000000000000E+00  4.0431035786137749E-10  2.9467469077828445E-10  5.9096165316257219E-06  1.9136635377496415E-10  3.5692341070589424E-11
   880   28.160000      0.0000000000000000E+00  2.7012250321059155E-10  4.1809439425644563E-10  5.2277624263951570E-06  4.6978586300203244E-11  3.3767911021071527E-11
   920   29.440000      0.0000000000000000E+00  3.4802398352829894E-10  2.0132359995650896E-10  5.9049974565122452E-06  1.8315222897352947E-10  3.7875874161283584E-11
   960   30.720000      0.0000000000000000E+00  2.6953461279851803E-10  4.6434806415862974E-10  5.2074495433615909E-06  1.7660922882865875E-10  6.7646269269078511E-11
  1000   32.000000      0.0000000000000000E+00  2.4581070392802396E-10  5.6440605832583643E-10  5.7845519682257393E-06  9.2738370665796302E-11  5.5271611751561602E-11
  1040   33.280000      0.0000000000000000E+00  1.5527332943749820E-10  3.5095610824785650E-10  5.4747254832555419E-06  2.8980713512401005E-10  1.1111476825300900E-10
  1080   34.560000      0.0000000000000000E+00  1.0287490640733642E-10  1.7919259355344418E-10  5.4630217362236236E-06  2.8333254526607925E-10  9.2789808555547401E-11
  1120   35.840000      0.0000000000000000E+00  1.8038494277699768E-10  1.7218706616089948E-10  5.7881869292762990E-06  2.1535380434909080E-10  1.1077088901767382E-10
  1160   37.120000      0.0000000000000000E+00  1.7811294255155178E-10  1.3197814029701022E-10  5.1741144488453415E-06  3.1981028054290910E-10  8.9994450361567949E-11
  1200   38.400000      0.0000000000000000E+00  1.6567800882323882E-10  2.7125653026203707E-10  5.9162274325160919E-06  2.8408177035374890E-10  9.3478004739933887E-11
  1240   39.680000      0.0000000000000000E+00  3.3896840997561008E-10  2.3810664124028525E-10  5.0226271236329795E-06  1.9035550770285984E-10  6.3796460685396454E-11
  1280   40.960000      0.0000000000000000E+00  3.0229909543826007E-10  6.4053989125336895E-10  5.8515826073305463E-06  1.2018530106626135E-10  3.4924231985451962E-11
  1320   42.240000      0.0000000000000000E+00  3.8295182036482092E-10  2.1685311041790385E-10  5.2634833895368201E-06  2.3073497948100948E-10  4.5616226691446677E-11
  1360   43.520000      0.0000000000000000E+00  3.5361882782472931E-10  1.0973052832903056E-09  5.6189604584818815E-06  7.1524950863787481E-11  3.8837409962287979E-11
  1400   44.800000      0.0000000000000000E+00  3.7194252227130067E-10  3.2514427761596582E-10  5.6634274098420393E-06  1.0667163848247364E-10  4.1260388833367606E-11
  1440   46.080000      0.0000000000000000E+00  2.7930524093790404E-10  1.1078269316366408E-09  5.1379907387432602E-06  2.7508007849329516E-10  8.0315992967257278E-11
  1480   47.360000      0.0000000000000000E+00  2.5419247045483428E-10  5.1593513132198103E-10  5.8639408430351298E-06  1.5278169040180701E-10  9.1433850050992532E-11
  1520   48.640000      0.0000000000000000E+00  2.3737030521169878E-10  1.0886257685998932E-09  5.0525011320189479E-06  2.5942271646108269E-10  1.0698023452266270E-10
  1560   49.920000      0.0000000000000000E+00  2.1995546215164926E-10  6.9167636060101491E-10  5.9782444668743717E-06  3.1958397231892981E-10  1.0429824641729856E-10
