! Kinetic energy for species "electrons"
  Iter        Time          Total Par.             Kin. Energy
     0   0.0000000            9600000  1.4200533061883742E-02
    40   1.2800000            9600000  1.4200594866596602E-02
    80   2.5600000            9600000  1.4202048632049113E-02
   120   3.8400000            9600000  1.4204628860885551E-02
   160   5.1200000            9600000  1.4208124637969664E-02
   200   6.4000000            9600000  1.4208228964576537E-02
   240   7.6800000            9600000  1.4209369601620727E-02
   280   8.9600000            9600000  1.4208292354079695E-02
   320   10.240000            9600000  1.4209087041597014E-02
   360   11.520000            9600000  1.4208594540812905E-02
   400   12.800000            9600000  1.4208791576607099E-02
   440   14.080000            9600000  1.4208852947615175E-02
   480   15.360000            9600000  1.4208478519304266E-02
   520   16.640000            9600000  1.4209167158067275E-02
   560   17.920000            9600000  1.4208302977403636E-02
   600   19.200000            9600000  1.4209157017093240E-02
   640   20.480000            9600000  1.4208411568386457E-02
   680   21.760000            9600000  1.4208955096735013E-02
   720   23.040000            9600000  1.4208667477231689E-02
   760   24.320000            9600000  1.4208624355095411E-02
   800   25.600000            9600000  1.4209074830704368E-02
   840   26.880000            9600000  1.4208445898254872E-02
   880   28.160000            9600000  1.4209127108787033E-02
   920   29.440000            9600000  1.4208450731950090E-02
   960   30.720000            9600000  1.4209147271726646E-02
  1000   32.000000            9600000  1.4208571019437701E-02
  1040   33.280000            9600000  1.4208880538870223E-02
  1080   34.560000            9600000  1.4208892300401472E-02
  1120   35.840000            9600000  1.4208567624498781E-02
  1160   37.120000            9600000  1.4209180846252809E-02
  1200   38.400000            9600000  1.4208439489660198E-02
  1240   39.680000            9600000  1.4209332198993931E-02
  1280   40.960000            9600000  1.4208503749467204E-02
  1320   42.240000            9600000  1.4209091580079321E-02
  1360   43.520000            9600000  1.4208735812974041E-02
  1400   44.800000            9600000  1.4208692051010975E-02
  1440   46.080000            9600000  1.4209215971745683E-02
  1480   47.360000            9600000  1.4208491532474258E-02
  1520   48.640000            9600000  1.4209301430943025E-02
  1560   49.920000            9600000  1.4208377120546782E-02
