! EM field energy per field component
  Iter        Time                          B1                      B2                      B3                      E1                      E2                      E3
     0   0.0000000      0.0000000000000000E+00  0.0000000000000000E+00  0.0000000000000000E+00  0.0000000000000000E+00  0.0000000000000000E+00  0.0000000000000000E+00
    40   1.2800000      0.0000000000000000E+00  3.1692060835478647E-10  4.7244452421982234E-10  2.2982709047248803E-08  1.9818155279545849E-10  5.6191679188566001E-11
    80   2.5600000      0.0000000000000000E+00  9.2716757222845558E-11  4.4752179409837955E-10  6.1873130603923696E-07  2.1053514440966370E-10  5.6133668256644587E-11
   120   3.8400000      0.0000000000000000E+00  3.4521868418385693E-10  7.2474701972641049E-10  3.1353971286560425E-06  1.1721970306731955E-10  8.3272008692750499E-11
   160   5.1200000      0.0000000000000000E+00  2.2611780507590234E-10  3.7816711583258600E-10  3.8500090548124151E-06  2.7832881082115681E-10  8.6892846323130272E-11
   200   6.4000000      0.0000000000000000E+00  3.3631288739596305E-10  1.7007930453143101E-10  3.4555486254564702E-06  2.9188988582236411E-10  1.1612452701191840E-10
   240   7.6800000      0.0000000000000000E+00  3.7702987063376808E-10  3.5345390590465458E-10  2.5739160115952293E-06  2.4596396815025122E-10  9.5667740946807167E-11
   280   8.9600000      0.0000000000000000E+00  2.7292491562013751E-10  3.4777133911447359E-10  2.4663586566036856E-06  2.6282508383955063E-10  8.9293089308159522E-11
   320   10.240000      0.0000000000000000E+00  6.3406545701091172E-10  3.2590516335827999E-10  2.3064882133352516E-06  2.9756102891240555E-10  7.2463316890312435E-11
   360   11.520000      0.0000000000000000E+00  3.1370458436845801E-10  4.8285806940479403E-10  1.9394093617083038E-06  1.7191867101792340E-10  6.0400991119097894E-11
   400   12.800000      0.0000000000000000E+00  8.2548857434270044E-10  6.2868570206894808E-10  2.0092906478391348E-06  9.9525935986706921E-11  3.3064248366966701E-11
   440   14.080000      0.0000000000000000E+00  3.6595921587916345E-10  4.5909283397053865E-10  1.6913545842376406E-06  2.3124526107633321E-10  3.6619883895251427E-11
   480   15.360000      0.0000000000000000E+00  7.0618362611033586E-10  7.8462030113907229E-10  1.6578428514396107E-06  7.8316886129358724E-11  3.6559304607481739E-11
   520   16.640000      0.0000000000000000E+00  2.3450048163838344E-10  5.7462643800689598E-10  1.6142185334625718E-06  1.2183380745950115E-10  5.6965289503324946E-11
   560   17.920000      0.0000000000000000E+00  5.3665842301450835E-10  6.1471162536442976E-10  1.2587635737557455E-06  2.7257551662881875E-10  7.8460239434573186E-11
   600   19.200000      0.0000000000000000E+00  2.3107454434169182E-10  5.8032229739166319E-10  1.6128196034938881E-06  1.9065782117513742E-10  9.7272127394265982E-11
   640   20.480000      0.0000000000000000E+00  2.5809887199025611E-10  5.2235985797881420E-10  1.1229235103281749E-06  2.5960149202661011E-10  1.1203680269643970E-10
   680   21.760000      0.0000000000000000E+00  2.7757187306428253E-10  3.5719529946831691E-10  1.3992662067858904E-06  3.2775684051888481E-10  1.0403911840388636E-10
   720   23.040000      0.0000000000000000E+00  2.0597325993943338E-10  3.5373351172317759E-10  1.0786369745273807E-06  2.6485463130899881E-10  8.8052269079088374E-11
   760   24.320000      0.0000000000000000E+00  3.9194122236001541E-10  4.4405157344387471E-10  1.1612634957940142E-06  2.0443926367603819E-10  8.6573993995890667E-11
   800   25.600000      0.0000000000000000E+00  2.4260416624263354E-10  3.3757185915145876E-10  1.0779069063005133E-06  2.4314530447856055E-10  5.4644142821179286E-11
   840   26.880000      0.0000000000000000E+00  4.1936147815764840E-10  3.1612871924254922E-10  9.9376146787859721E-07  1.9201889036229900E-10  3.5464500549516249E-11
   880   28.160000      0.0000000000000000E+00  2.4982146100647962E-10  4.1534035910884833E-10  1.0227920443213246E-06  4.5998967479838375E-11  3.4157985919418846E-11
   920   29.440000      0.0000000000000000E+00  3.2675171424981969E-10  2.2944173214526034E-10  8.8764615432828266E-07  1.8229167512685804E-10  3.7004507889467816E-11
   960   30.720000      0.0000000000000000E+00  2.6610817801230151E-10  4.7409762067765086E-10  8.5317926406211737E-07  1.8042429860145033E-10  6.7870402019384700E-11
  1000   32.000000      0.0000000000000000E+00  2.4809779077339198E-10  5.3713712357932772E-10  8.3275064272199001E-07  9.2844994486935985E-11  5.4746239888125495E-11
  1040   33.280000      0.0000000000000000E+00  1.7029743911149469E-10  3.4474375938157247E-10  8.6390620572968157E-07  2.9006520749273096E-10  1.1077361607520026E-10
  1080   34.560000      0.0000000000000000E+00  1.1489523978785104E-10  1.6883333135018357E-10  6.7322159691881789E-07  2.8555875975136673E-10  9.1192278939179130E-11
  1120   35.840000      0.0000000000000000E+00  1.9123650058454786E-10  1.6849131979639246E-10  9.0946384882898276E-07  2.1397681144463599E-10  1.1069499600989049E-10
  1160   37.120000      0.0000000000000000E+00  1.9970028053983810E-10  1.3402936215187419E-10  5.5666348440569479E-07  3.2095460404174404E-10  9.0478317098114204E-11
  1200   38.400000      0.0000000000000000E+00  1.8032996670352081E-10  3.1981005510076031E-10  9.4822063634082825E-07  2.8261468276472757E-10  9.1780869440374954E-11
  1240   39.680000      0.0000000000000000E+00  3.5226915954181478E-10  2.6653480420504382E-10  5.3971137933205119E-07  1.9078781101357972E-10  6.2491749889350038E-11
  1280   40.960000      0.0000000000000000E+00  3.0228829191461787E-10  6.7983840548507301E-10  7.9227549972004151E-07  1.1870334282316736E-10  3.4305602728315892E-11
  1320   42.240000      0.0000000000000000E+00  4.1650287804479594E-10  1.9249501317330028E-10  7.0079088988022162E-07  2.3118474776068403E-10  4.4558169517870273E-11
  1360   43.520000      0.0000000000000000E+00  3.6382758316993354E-10  1.0997176061301911E-09  5.7741572573700130E-07  7.2046873231022379E-11  3.8321807552532557E-11
  1400   44.800000      0.0000000000000000E+00  3.7790618301728065E-10  2.9408071799812881E-10  8.9622731781576757E-07  1.0644708041937858E-10  4.1136449163320865E-11
  1440   46.080000      0.0000000000000000E+00  2.7433808554424432E-10  1.1026714382531750E-09  4.7770363207014273E-07  2.7128570924373908E-10  8.1881364615325432E-11
  1480   47.360000      0.0000000000000000E+00  2.4158625903207675E-10  5.2472680617605163E-10  8.3502024696116366E-07  1.5756969452072958E-10  9.1098977104385332E-11
  1520   48.640000      0.0000000000000000E+00  2.3761091212639561E-10  1.0169464489632282E-09  5.6527130174449875E-07  2.5428035328894067E-10  1.0610814701324350E-10
  1560   49.920000      0.0000000000000000E+00  2.2272882083210426E-10  6.3265856254162851E-10  6.3882777892163802E-07  3.1801347486230260E-10  1.0470201840034831E-10
