! Kinetic energy for species "electrons"
  Iter        Time          Total Par.             Kin. Energy
     0   0.0000000            9600000  1.4200533061883742E-02
    40   1.2800000            9600000  1.4200596471586576E-02
    80   2.5600000            9600000  1.4201980290033073E-02
   120   3.8400000            9600000  1.4205491214193455E-02
   160   5.1200000            9600000  1.4209223126039460E-02
   200   6.4000000            9600000  1.4210092617862456E-02
   240   7.6800000            9600000  1.4210972683830394E-02
   280   8.9600000            9600000  1.4211079887592232E-02
   320   10.240000            9600000  1.4211238706672064E-02
   360   11.520000            9600000  1.4211605837291797E-02
   400   12.800000            9600000  1.4211534979281119E-02
   440   14.080000            9600000  1.4211853147289530E-02
   480   15.360000            9600000  1.4211885928846136E-02
   520   16.640000            9600000  1.4211930021833592E-02
   560   17.920000            9600000  1.4212284474407984E-02
   600   19.200000            9600000  1.4211931189300168E-02
   640   20.480000            9600000  1.4212420410353787E-02
   680   21.760000            9600000  1.4212144556997732E-02
   720   23.040000            9600000  1.4212464736085093E-02
   760   24.320000            9600000  1.4212382111019672E-02
   800   25.600000            9600000  1.4212465559677376E-02
   840   26.880000            9600000  1.4212549562849962E-02
   880   28.160000            9600000  1.4212520754188173E-02
   920   29.440000            9600000  1.4212655665637015E-02
   960   30.720000            9600000  1.4212690035306537E-02
  1000   32.000000            9600000  1.4212710285963364E-02
  1040   33.280000            9600000  1.4212679421150308E-02
  1080   34.560000            9600000  1.4212869885794748E-02
  1120   35.840000            9600000  1.4212634046366692E-02
  1160   37.120000            9600000  1.4212986327486521E-02
  1200   38.400000            9600000  1.4212594963452370E-02
  1240   39.680000            9600000  1.4213003166360507E-02
  1280   40.960000            9600000  1.4212750474828473E-02
  1320   42.240000            9600000  1.4212842153840178E-02
  1360   43.520000            9600000  1.4212964781857667E-02
  1400   44.800000            9600000  1.4212646825802212E-02
  1440   46.080000            9600000  1.4213064200060773E-02
  1480   47.360000            9600000  1.4212707726767384E-02
  1520   48.640000            9600000  1.4212976738323346E-02
  1560   49.920000            9600000  1.4212903536890278E-02
