! EM field energy per field component
  Iter        Time                          B1                      B2                      B3                      E1                      E2                      E3
     0   0.0000000      0.0000000000000000E+00  0.0000000000000000E+00  0.0000000000000000E+00  0.0000000000000000E+00  0.0000000000000000E+00  0.0000000000000000E+00
    40   1.2800000      0.0000000000000000E+00  3.1690072266930715E-10  4.7241589761846714E-10  1.6094358290720660E-08  1.9819528076580432E-10  5.6187632415490222E-11
    80   2.5600000      0.0000000000000000E+00  9.2994162176475706E-11  4.4747381385431075E-10  7.2147604405317315E-07  2.1044953075223439E-10  5.6200453473754784E-11
   120   3.8400000      0.0000000000000000E+00  3.4408234592167376E-10  7.2542427729963167E-10  3.8378528084348541E-06  1.1664639651115209E-10  8.3225184356029850E-11
   160   5.1200000      0.0000000000000000E+00  2.2548013922402120E-10  3.7582078071239055E-10  5.0762898390064867E-06  2.7841410706697573E-10  8.6793773374731835E-11
   200   6.4000000      0.0000000000000000E+00  3.3696854130651584E-10  1.6880096853936588E-10  4.3842429078488848E-06  2.9242411495667542E-10  1.1637306733540467E-10
   240   7.6800000      0.0000000000000000E+00  3.7940301111624210E-10  3.5081187730507524E-10  4.9054555732894739E-06  2.4651158022595397E-10  9.4894206929760902E-11
   280   8.9600000      0.0000000000000000E+00  2.7864672930671762E-10  3.4850398256134779E-10  3.5271844088650782E-06  2.6338034688724324E-10  8.9486076291215309E-11
   320   10.240000      0.0000000000000000E+00  6.4122205589198012E-10  3.2532401729435083E-10  5.0030947246204859E-06  2.9904985592335519E-10  7.2274889279401847E-11
   360   11.520000      0.0000000000000000E+00  3.1165069742581985E-10  4.7894381380081201E-10  3.4665937025408549E-06  1.7330502800272610E-10  5.9902754066306353E-11
   400   12.800000      0.0000000000000000E+00  8.3051792388570945E-10  6.2162039999187315E-10  4.3967516818429930E-06  9.9941478479895611E-11  3.2865999078724746E-11
   440   14.080000      0.0000000000000000E+00  3.7190868634753325E-10  4.6204386195499296E-10  3.9241876770251430E-06  2.3276027089579074E-10  3.6379147643593181E-11
   480   15.360000      0.0000000000000000E+00  6.9219727514063198E-10  7.8122998572916750E-10  3.6531316155877551E-06  7.9205824678287944E-11  3.6362575955549645E-11
   520   16.640000      0.0000000000000000E+00  2.1571024075354174E-10  5.6977410348430493E-10  4.2424780727395069E-06  1.2179869654151385E-10  5.6661361353279914E-11
   560   17.920000      0.0000000000000000E+00  5.2045579314417662E-10  6.1720353435481342E-10  3.2282896828082868E-06  2.7383790058879219E-10  7.8555718073213673E-11
   600   19.200000      0.0000000000000000E+00  2.3256465254485513E-10  5.8640537347371303E-10  4.2448869186476685E-06  1.9127710804814666E-10  9.6653632136831829E-11
   640   20.480000      0.0000000000000000E+00  2.5068066980564558E-10  5.3003189762576289E-10  3.1502139365629047E-06  2.5983747593584095E-10  1.1097165410303021E-10
   680   21.760000      0.0000000000000000E+00  2.6837542514371968E-10  3.5968968990832098E-10  3.9409505832970367E-06  3.3067217863085509E-10  1.0236663021932164E-10
   720   23.040000      0.0000000000000000E+00  1.9861688119519840E-10  3.4957319411318326E-10  3.2744523300018578E-06  2.6374216316765964E-10  8.7535262726349151E-11
   760   24.320000      0.0000000000000000E+00  3.6712349412864539E-10  4.3831593510892596E-10  3.7290588270267140E-06  2.0564236864086668E-10  8.5556339612505077E-11
   800   25.600000      0.0000000000000000E+00  2.2527345742914682E-10  3.3949876803562727E-10  3.2803178123594617E-06  2.4453035250341729E-10  5.5140592660953229E-11
   840   26.880000      0.0000000000000000E+00  4.0781513682632317E-10  3.0394924992536643E-10  3.4762586930031209E-06  1.9251383192726247E-10  3.4759510105223364E-11
   880   28.160000      0.0000000000000000E+00  2.5447796022176732E-10  4.1478478584718836E-10  3.2310777742600966E-06  4.6173931263483445E-11  3.4020823273459144E-11
   920   29.440000      0.0000000000000000E+00  3.2861324082739932E-10  2.1118853333588537E-10  3.3517677342766823E-06  1.8286978364226335E-10  3.7498796107682401E-11
   960   30.720000      0.0000000000000000E+00  2.6070254687249460E-10  4.5815744554231702E-10  3.2694055697352853E-06  1.7815642679693041E-10  6.7230328247814877E-11
  1000   32.000000      0.0000000000000000E+00  2.3058242564652009E-10  5.6902959594882476E-10  3.1144607974559396E-06  9.3359781337116616E-11  5.4699286409828280E-11
  1040   33.280000      0.0000000000000000E+00  1.4914336392720644E-10  3.3522029452405152E-10  3.4435331155495470E-06  2.8879883817961244E-10  1.1012503948457628E-10
  1080   34.560000      0.0000000000000000E+00  1.0447625221196276E-10  1.6245131846429213E-10  2.8582805436745106E-06  2.8509431903622840E-10  9.2680428279773911E-11
  1120   35.840000      0.0000000000000000E+00  1.7956498362104455E-10  1.6979512933174954E-10  3.4859834759966643E-06  2.1559412627472066E-10  1.0876386242727924E-10
  1160   37.120000      0.0000000000000000E+00  1.8662520785384937E-10  1.3701277940647827E-10  2.9468474696375668E-06  3.1863205417662707E-10  9.0079093121675050E-11
  1200   38.400000      0.0000000000000000E+00  1.6783945261203303E-10  3.0075134705965699E-10  3.1387700957242263E-06  2.8545286517611505E-10  9.2526919432017126E-11
  1240   39.680000      0.0000000000000000E+00  3.3292841766022193E-10  2.6003561401085533E-10  3.3056741031227505E-06  1.8918749508191231E-10  6.2599947142837416E-11
  1280   40.960000      0.0000000000000000E+00  2.8858756767463096E-10  6.5223522749402807E-10  2.6255229268691037E-06  1.1965418448321116E-10  3.4775227108288120E-11
  1320   42.240000      0.0000000000000000E+00  3.6388271517817050E-10  1.9373305226793684E-10  3.6946339231430352E-06  2.2904366390125052E-10  4.4574841820005005E-11
  1360   43.520000      0.0000000000000000E+00  3.4250665257413960E-10  1.0846328013799106E-09  2.4047978718316553E-06  7.1269981147464213E-11  3.7470844122626621E-11
  1400   44.800000      0.0000000000000000E+00  3.6571935359316433E-10  3.2984474693825107E-10  3.7067893044829201E-06  1.0717633195261898E-10  4.1150443619596114E-11
  1440   46.080000      0.0000000000000000E+00  2.6231334945109637E-10  1.1025756054010353E-09  2.6576561554265809E-06  2.7521001141153074E-10  7.9416851869807808E-11
  1480   47.360000      0.0000000000000000E+00  2.4249305880189313E-10  5.1434790156769238E-10  3.0520090356953433E-06  1.5343572336132168E-10  9.1136494100004792E-11
  1520   48.640000      0.0000000000000000E+00  2.3578864066463937E-10  1.0637787744295023E-09  3.2262331769461606E-06  2.6026966661822060E-10  1.0588534003880336E-10
  1560   49.920000      0.0000000000000000E+00  2.1450794252704268E-10  6.7489758857770009E-10  2.4836676349009324E-06  3.2285344417304978E-10  1.0187790887321401E-10
