! Kinetic energy for species "electrons"
  Iter        Time          Total Par.             Kin. Energy
     0   0.0000000            9600000  1.4200533061883742E-02
    40   1.2800000            9600000  1.4200592005428642E-02
    80   2.5600000            9600000  1.4201982859264942E-02
   120   3.8400000            9600000  1.4204928528137602E-02
   160   5.1200000            9600000  1.4208262450215399E-02
   200   6.4000000            9600000  1.4209453284011426E-02
   240   7.6800000            9600000  1.4208932429329415E-02
   280   8.9600000            9600000  1.4210309395456925E-02
   320   10.240000            9600000  1.4208834329505291E-02
   360   11.520000            9600000  1.4210369734877614E-02
   400   12.800000            9600000  1.4209439876958177E-02
   440   14.080000            9600000  1.4209912327204224E-02
   480   15.360000            9600000  1.4210182825476739E-02
   520   16.640000            9600000  1.4209594404323372E-02
   560   17.920000            9600000  1.4210607095616822E-02
   600   19.200000            9600000  1.4209591965323880E-02
   640   20.480000            9600000  1.4210685184014729E-02
   680   21.760000            9600000  1.4209895770157445E-02
   720   23.040000            9600000  1.4210561057706565E-02
   760   24.320000            9600000  1.4210107394133462E-02
   800   25.600000            9600000  1.4210555292158729E-02
   840   26.880000            9600000  1.4210359857553338E-02
   880   28.160000            9600000  1.4210604811012526E-02
   920   29.440000            9600000  1.4210484222690240E-02
   960   30.720000            9600000  1.4210566402324262E-02
  1000   32.000000            9600000  1.4210721249188766E-02
  1040   33.280000            9600000  1.4210392595312770E-02
  1080   34.560000            9600000  1.4210977522845768E-02
  1120   35.840000            9600000  1.4210350216688830E-02
  1160   37.120000            9600000  1.4210889060183612E-02
  1200   38.400000            9600000  1.4210696726437318E-02
  1240   39.680000            9600000  1.4210530380105228E-02
  1280   40.960000            9600000  1.4211209349719145E-02
  1320   42.240000            9600000  1.4210141623672332E-02
  1360   43.520000            9600000  1.4211429613116082E-02
  1400   44.800000            9600000  1.4210129391401750E-02
  1440   46.080000            9600000  1.4211176824832548E-02
  1480   47.360000            9600000  1.4210783392936126E-02
  1520   48.640000            9600000  1.4210608692099108E-02
  1560   49.920000            9600000  1.4211351077069174E-02
