! EM field energy per field component
  Iter        Time                          B1                      B2                      B3                      E1                      E2                      E3
     0   0.0000000      0.0000000000000000E+00  0.0000000000000000E+00  0.0000000000000000E+00  0.0000000000000000E+00  0.0000000000000000E+00  0.0000000000000000E+00
    40   1.2800000      0.0000000000000000E+00  3.1691399006698776E-10  4.7243790927093001E-10  1.6683714353875255E-08  1.9818749477946282E-10  5.6186253482784253E-11
    80   2.5600000      0.0000000000000000E+00  9.2740217973555298E-11  4.4796393058665883E-10  6.2662422036911265E-07  2.1044849516013927E-10  5.6220004031193811E-11
   120   3.8400000      0.0000000000000000E+00  3.4357926432832298E-10  7.2466599614637233E-10  2.6548782051714168E-06  1.1733203669307699E-10  8.3252067229778619E-11
   160   5.1200000      0.0000000000000000E+00  2.2585228783095437E-10  3.7670026436524816E-10  3.6095007251792444E-06  2.7750809001595055E-10  8.6631536260849529E-11
   200   6.4000000      0.0000000000000000E+00  3.3727670683749483E-10  1.6768777894978293E-10  2.5731450850932663E-06  2.9184520119640405E-10  1.1753396213909764E-10
   240   7.6800000      0.0000000000000000E+00  3.8105210719376938E-10  3.5147030822434025E-10  1.9768875304734016E-06  2.4649594768470960E-10  9.5912151604740995E-11
   280   8.9600000      0.0000000000000000E+00  2.7912181786775095E-10  3.4918017953076428E-10  1.4317018334130912E-06  2.6279562799500708E-10  8.9358347007418399E-11
   320   10.240000      0.0000000000000000E+00  6.4191476220288539E-10  3.2619119249281782E-10  1.2477767204046149E-06  2.9822311084616475E-10  7.2714146413237413E-11
   360   11.520000      0.0000000000000000E+00  3.1422003572074783E-10  4.7514245568551782E-10  8.7304949652892011E-07  1.7166242341836212E-10  6.0149841343120747E-11
   400   12.800000      0.0000000000000000E+00  8.2659553029068777E-10  6.3178382842266311E-10  8.3993405070462305E-07  9.9528446562196637E-11  3.3195514261702040E-11
   440   14.080000      0.0000000000000000E+00  3.5645041808896463E-10  4.5995249149455663E-10  5.6870007233880916E-07  2.3243064832741789E-10  3.6063325685658349E-11
   480   15.360000      0.0000000000000000E+00  6.8555120687866331E-10  7.8959834307790617E-10  5.4183856293725102E-07  7.9144977764309104E-11  3.6164051900921483E-11
   520   16.640000      0.0000000000000000E+00  2.1685766979905738E-10  5.7452092150046010E-10  3.8292096915838649E-07  1.2235324991516417E-10  5.6917777215550865E-11
   560   17.920000      0.0000000000000000E+00  5.2802191011651194E-10  6.2214169636399993E-10  3.2627377531052430E-07  2.7290685229734647E-10  7.8651314568233561E-11
   600   19.200000      0.0000000000000000E+00  2.3616207257627377E-10  5.8517840106043980E-10  2.7230054111387932E-07  1.9223004882226720E-10  9.7245354547211660E-11
   640   20.480000      0.0000000000000000E+00  2.4549026652791306E-10  5.2361128852878057E-10  2.4382793529707866E-07  2.5857583802798920E-10  1.1223361780886936E-10
   680   21.760000      0.0000000000000000E+00  2.6506346452046948E-10  3.7524932689086050E-10  1.9409399630776140E-07  3.2884178188720765E-10  1.0383826418941350E-10
   720   23.040000      0.0000000000000000E+00  2.0309223338626464E-10  3.5425845610962435E-10  1.7940700757731173E-07  2.6393364739160543E-10  8.8297674517129482E-11
   760   24.320000      0.0000000000000000E+00  3.7817454567080670E-10  4.3801470697843533E-10  1.4868747490537863E-07  2.0505850771461512E-10  8.5324047101700602E-11
   800   25.600000      0.0000000000000000E+00  2.4019012242242664E-10  3.4779805483280446E-10  1.3418891218352616E-07  2.4238049068980267E-10  5.5397991655212349E-11
   840   26.880000      0.0000000000000000E+00  4.1780100501156928E-10  3.0324066789466101E-10  1.0907947730173160E-07  1.9225333148781451E-10  3.4830229184680306E-11
   880   28.160000      0.0000000000000000E+00  2.4548652121580470E-10  4.2298648804484507E-10  1.1775835482261193E-07  4.6554192957231073E-11  3.4217994200331782E-11
   920   29.440000      0.0000000000000000E+00  3.0176206639232767E-10  2.1204755101716099E-10  8.2352837925230368E-08  1.8200652228731394E-10  3.6859489958203487E-11
   960   30.720000      0.0000000000000000E+00  2.6610403110186471E-10  4.8961139409945037E-10  7.8154034740989932E-08  1.7819619133740389E-10  6.7211409734025909E-11
  1000   32.000000      0.0000000000000000E+00  2.4292584965001908E-10  5.4418338483689711E-10  6.1435970711219677E-08  9.4605859895919868E-11  5.5623398210439402E-11
  1040   33.280000      0.0000000000000000E+00  1.7702158114158145E-10  3.5431605069311170E-10  7.2527750380807238E-08  2.8721662907637726E-10  1.0949992358478033E-10
  1080   34.560000      0.0000000000000000E+00  9.6555473107253005E-11  1.7848708581938737E-10  5.3922924385585102E-08  2.8521086736949471E-10  9.3323504539645201E-11
  1120   35.840000      0.0000000000000000E+00  1.9653444308572466E-10  1.7979903701542159E-10  5.4936078575018204E-08  2.1421408446912825E-10  1.0800407242304452E-10
  1160   37.120000      0.0000000000000000E+00  1.9405301269504195E-10  1.2793948694463250E-10  5.7940194085080936E-08  3.1965929487595922E-10  9.1321903312234555E-11
  1200   38.400000      0.0000000000000000E+00  1.9575223525977584E-10  3.0827652291387492E-10  4.6167311147427503E-08  2.8413733268421981E-10  8.9035915749824140E-11
  1240   39.680000      0.0000000000000000E+00  3.3126774134483991E-10  2.5278775702058530E-10  7.1846581755323218E-08  1.8878201127955763E-10  6.2747865711435147E-11
  1280   40.960000      0.0000000000000000E+00  3.0293696982659997E-10  6.9169159482584259E-10  3.3153689440076739E-08  1.2013199678316314E-10  3.4128671856729001E-11
  1320   42.240000      0.0000000000000000E+00  3.8402595008706600E-10  1.9185402244143607E-10  6.2370880917322346E-08  2.3073673410826363E-10  4.3379717175761057E-11
  1360   43.520000      0.0000000000000000E+00  3.7374262152180246E-10  1.0484670690356786E-09  3.8435917372373687E-08  7.1215803012872754E-11  3.8578193287074610E-11
  1400   44.800000      0.0000000000000000E+00  3.5484923120181108E-10  2.7683661122001638E-10  5.2701462423048446E-08  1.0755560495112922E-10  4.2500399493134016E-11
  1440   46.080000      0.0000000000000000E+00  2.6493222345488997E-10  1.0516321043339151E-09  5.8669147643274299E-08  2.7369696892251008E-10  7.9713927236875409E-11
  1480   47.360000      0.0000000000000000E+00  2.2820919241612221E-10  5.1931791947711025E-10  2.8463201185812251E-08  1.5314309003594150E-10  9.3822853019415975E-11
  1520   48.640000      0.0000000000000000E+00  2.3891655986535626E-10  1.0157494457845349E-09  6.4088643822433497E-08  2.6067686078480115E-10  1.0427450378226120E-10
  1560   49.920000      0.0000000000000000E+00  1.9391209729012478E-10  6.4634682100680934E-10  3.5814899580089982E-08  3.1550586699477724E-10  1.0547145891316732E-10
