! Kinetic energy for species "electrons"
  Iter        Time          Total Par.             Kin. Energy
     0   0.0000000            9600000  1.4200533061883742E-02
    40   1.2800000            9600000  1.4200592958321250E-02
    80   2.5600000            9600000  1.4201969093354277E-02
   120   3.8400000            9600000  1.4205775994578682E-02
   160   5.1200000            9600000  1.4209546864051487E-02
   200   6.4000000            9600000  1.4211030730737036E-02
   240   7.6800000            9600000  1.4211625135530776E-02
   280   8.9600000            9600000  1.4212168922193215E-02
   320   10.240000            9600000  1.4212352032657144E-02
   360   11.520000            9600000  1.4212725914155403E-02
   400   12.800000            9600000  1.4212758505659905E-02
   440   14.080000            9600000  1.4213029348917595E-02
   480   15.360000            9600000  1.4213055808558302E-02
   520   16.640000            9600000  1.4213214772122226E-02
   560   17.920000            9600000  1.4213270725706955E-02
   600   19.200000            9600000  1.4213325023168301E-02
   640   20.480000            9600000  1.4213353412927870E-02
   680   21.760000            9600000  1.4213402970202214E-02
   720   23.040000            9600000  1.4213417846103702E-02
   760   24.320000            9600000  1.4213448261956363E-02
   800   25.600000            9600000  1.4213462947640483E-02
   840   26.880000            9600000  1.4213487950910934E-02
   880   28.160000            9600000  1.4213479476709284E-02
   920   29.440000            9600000  1.4213514864137664E-02
   960   30.720000            9600000  1.4213518820431210E-02
  1000   32.000000            9600000  1.4213535686444250E-02
  1040   33.280000            9600000  1.4213524569668064E-02
  1080   34.560000            9600000  1.4213543350821126E-02
  1120   35.840000            9600000  1.4213542383276823E-02
  1160   37.120000            9600000  1.4213539320399714E-02
  1200   38.400000            9600000  1.4213550871747090E-02
  1240   39.680000            9600000  1.4213525472344607E-02
  1280   40.960000            9600000  1.4213563696864231E-02
  1320   42.240000            9600000  1.4213534986948091E-02
  1360   43.520000            9600000  1.4213558108686157E-02
  1400   44.800000            9600000  1.4213544730125663E-02
  1440   46.080000            9600000  1.4213537769873864E-02
  1480   47.360000            9600000  1.4213568575450928E-02
  1520   48.640000            9600000  1.4213532363934370E-02
  1560   49.920000            9600000  1.4213560980860809E-02
