! EM field energy per field component
  Iter        Time                          B1                      B2                      B3                      E1                      E2                      E3
     0   0.0000000      0.0000000000000000E+00  0.0000000000000000E+00  0.0000000000000000E+00  0.0000000000000000E+00  0.0000000000000000E+00  0.0000000000000000E+00
    40   1.2800000      0.0000000000000000E+00  3.1691164801109850E-10  4.7243487138578734E-10  1.5344830531530514E-08  1.9818633297680912E-10  5.6186702550428131E-11
    80   2.5600000      0.0000000000000000E+00  9.2794328907627198E-11  4.4803186821579583E-10  5.8513222965955135E-07  2.1045813735552093E-10  5.6231198558444808E-11
   120   3.8400000      0.0000000000000000E+00  3.4337282324436141E-10  7.2449785535401189E-10  2.5024835607889911E-06  1.1732484293450025E-10  8.3216131519976881E-11
   160   5.1200000      0.0000000000000000E+00  2.2570093425452411E-10  3.7590787545140724E-10  3.4505421815225175E-06  2.7740984391817422E-10  8.6732327379118032E-11
   200   6.4000000      0.0000000000000000E+00  3.3757593860388104E-10  1.6727571773756047E-10  2.5450436676129951E-06  2.9179057553448530E-10  1.1769919735618393E-10
   240   7.6800000      0.0000000000000000E+00  3.8147978990501144E-10  3.5055742067721991E-10  1.9025870003238610E-06  2.4640040358320126E-10  9.5898021956550317E-11
   280   8.9600000      0.0000000000000000E+00  2.7910216027276964E-10  3.4815471326324791E-10  1.4241937598383724E-06  2.6266910745165599E-10  8.9459069410067957E-11
   320   10.240000      0.0000000000000000E+00  6.4223780592540065E-10  3.2655890189962862E-10  1.1658574876718515E-06  2.9811563506155397E-10  7.2675645915621253E-11
   360   11.520000      0.0000000000000000E+00  3.1512699039647285E-10  4.7431034413377799E-10  8.4321856652302118E-07  1.7178757194824398E-10  6.0135750433180736E-11
   400   12.800000      0.0000000000000000E+00  8.2737050931769315E-10  6.3239801364981899E-10  7.7176829381430765E-07  9.9511194753413684E-11  3.3069707007429944E-11
   440   14.080000      0.0000000000000000E+00  3.5541214675038589E-10  4.6049194128293659E-10  5.3396278569745158E-07  2.3239920245810556E-10  3.6080999825361385E-11
   480   15.360000      0.0000000000000000E+00  6.8569607413631757E-10  7.9084066755859371E-10  4.7590674280834272E-07  7.9130000441199723E-11  3.6119388825907759E-11
   520   16.640000      0.0000000000000000E+00  2.1772674822242511E-10  5.7592828575559651E-10  3.3977555225794022E-07  1.2219004203924489E-10  5.6902047232591689E-11
   560   17.920000      0.0000000000000000E+00  5.2731045790309828E-10  6.2373886725255412E-10  2.7409322945291127E-07  2.7274982734247164E-10  7.8544618804044433E-11
   600   19.200000      0.0000000000000000E+00  2.3607030290102982E-10  5.8506427026755368E-10  2.3017698541685933E-07  1.9229379101667582E-10  9.6872788857518047E-11
   640   20.480000      0.0000000000000000E+00  2.4571960636894551E-10  5.2635208132866549E-10  1.8631311233575882E-07  2.5829539779502446E-10  1.1240856601689467E-10
   680   21.760000      0.0000000000000000E+00  2.6520740985872024E-10  3.7922896134380925E-10  1.4675269295191083E-07  3.2871156292277711E-10  1.0340938625497207E-10
   720   23.040000      0.0000000000000000E+00  2.0144117375157140E-10  3.5728057025835181E-10  1.2734814682641655E-07  2.6369515589699668E-10  8.8573601311866221E-11
   760   24.320000      0.0000000000000000E+00  3.7940004824867074E-10  4.3806600659420561E-10  1.0291954842937913E-07  2.0520213103020827E-10  8.5318797963188614E-11
   800   25.600000      0.0000000000000000E+00  2.4011182921075461E-10  3.4584898905877631E-10  8.0079445166508769E-08  2.4218023487621009E-10  5.5416828319353941E-11
   840   26.880000      0.0000000000000000E+00  4.2220817285312853E-10  2.9996069527858674E-10  6.7411682748041431E-08  1.9215349175163936E-10  3.4916828851613058E-11
   880   28.160000      0.0000000000000000E+00  2.4676815107905462E-10  4.2644690170411190E-10  6.2877547411022791E-08  4.6473910182726314E-11  3.4237714232583227E-11
   920   29.440000      0.0000000000000000E+00  3.0865083148701431E-10  2.0943510299505044E-10  4.4116542137013360E-08  1.8207564170380935E-10  3.6613533688297053E-11
   960   30.720000      0.0000000000000000E+00  2.6441091624912975E-10  4.8677353660397362E-10  3.3042236384899958E-08  1.7772359899766438E-10  6.7203556824587539E-11
  1000   32.000000      0.0000000000000000E+00  2.3908003840856653E-10  5.4290012421270748E-10  3.2692186155822185E-08  9.4513806237832358E-11  5.5613038486515194E-11
  1040   33.280000      0.0000000000000000E+00  1.7363812539894950E-10  3.5724442003783399E-10  2.4896387559804377E-08  2.8691477955610861E-10  1.0988803979448525E-10
  1080   34.560000      0.0000000000000000E+00  9.1319939938451564E-11  1.8014045818251583E-10  1.8096890507081519E-08  2.8476365918180327E-10  9.3028460998996886E-11
  1120   35.840000      0.0000000000000000E+00  1.9880539856979458E-10  1.8192628183718749E-10  2.2100993479347891E-08  2.1417525520211717E-10  1.0799385798321491E-10
  1160   37.120000      0.0000000000000000E+00  1.9463941993061706E-10  1.2363840938553904E-10  1.2679112380641720E-08  3.1962624586332389E-10  9.1237324091678385E-11
  1200   38.400000      0.0000000000000000E+00  1.9227177293790715E-10  3.0000892674062055E-10  2.2740672294522438E-08  2.8309552310655525E-10  8.9218342557352929E-11
  1240   39.680000      0.0000000000000000E+00  3.2639493424707814E-10  2.4793975313915507E-10  2.2810385997986058E-08  1.8875470908924195E-10  6.3245997233024337E-11
  1280   40.960000      0.0000000000000000E+00  2.9959728275425849E-10  6.8992222663748883E-10  1.6831996191506576E-08  1.2011299144243682E-10  3.3908537169106734E-11
  1320   42.240000      0.0000000000000000E+00  3.7857529519012465E-10  2.0085648883823465E-10  1.9750299220400472E-08  2.3050374868041907E-10  4.3533069063801499E-11
  1360   43.520000      0.0000000000000000E+00  3.7391915932363739E-10  1.0501104101661686E-09  1.5203615075967233E-08  7.0939355229941733E-11  3.8437857656908045E-11
  1400   44.800000      0.0000000000000000E+00  3.5706807592265907E-10  2.7591423475680102E-10  2.1536549583087768E-08  1.0719969487173858E-10  4.2563206870210602E-11
  1440   46.080000      0.0000000000000000E+00  2.6854257755733141E-10  1.0478259261819049E-09  1.0930479175008819E-08  2.7324125686891025E-10  7.9039525985307040E-11
  1480   47.360000      0.0000000000000000E+00  2.2409394075142511E-10  5.2230627892804558E-10  1.2417094484237415E-08  1.5223582346685374E-10  9.3588248680809614E-11
  1520   48.640000      0.0000000000000000E+00  2.3174559514619505E-10  1.0219645949647366E-09  1.5044829727792895E-08  2.6064201557848604E-10  1.0369791145816395E-10
  1560   49.920000      0.0000000000000000E+00  1.9146174178916775E-10  6.4191298786859668E-10  1.9039697591985374E-08  3.1560856113642545E-10  1.0505157910567867E-10
