! Kinetic energy for species "electrons"
  Iter        Time          Total Par.             Kin. Energy
     0   0.0000000            9600000  1.4200533061883742E-02
    40   1.2800000            9600000  1.4200591735991790E-02
    80   2.5600000            9600000  1.4201944195748502E-02
   120   3.8400000            9600000  1.4205846958060687E-02
   160   5.1200000            9600000  1.4209426012785013E-02
   200   6.4000000            9600000  1.4210757004258182E-02
   240   7.6800000            9600000  1.4211397553605962E-02
   280   8.9600000            9600000  1.4211874696166742E-02
   320   10.240000            9600000  1.4212132020710703E-02
   360   11.520000            9600000  1.4212453981494774E-02
   400   12.800000            9600000  1.4212524731122124E-02
   440   14.080000            9600000  1.4212762324151281E-02
   480   15.360000            9600000  1.4212819844669902E-02
   520   16.640000            9600000  1.4212956106928975E-02
   560   17.920000            9600000  1.4213021036426231E-02
   600   19.200000            9600000  1.4213065312101475E-02
   640   20.480000            9600000  1.4213109041094187E-02
   680   21.760000            9600000  1.4213148419791535E-02
   720   23.040000            9600000  1.4213168017289153E-02
   760   24.320000            9600000  1.4213192114420301E-02
   800   25.600000            9600000  1.4213215137857969E-02
   840   26.880000            9600000  1.4213227725395747E-02
   880   28.160000            9600000  1.4213232413368870E-02
   920   29.440000            9600000  1.4213251172104003E-02
   960   30.720000            9600000  1.4213261966478400E-02
  1000   32.000000            9600000  1.4213262535586905E-02
  1040   33.280000            9600000  1.4213270214529925E-02
  1080   34.560000            9600000  1.4213277212390234E-02
  1120   35.840000            9600000  1.4213273245567315E-02
  1160   37.120000            9600000  1.4213282641410523E-02
  1200   38.400000            9600000  1.4213272358803890E-02
  1240   39.680000            9600000  1.4213272501991708E-02
  1280   40.960000            9600000  1.4213278054883805E-02
  1320   42.240000            9600000  1.4213275544052224E-02
  1360   43.520000            9600000  1.4213279390037178E-02
  1400   44.800000            9600000  1.4213273908781495E-02
  1440   46.080000            9600000  1.4213283449477167E-02
  1480   47.360000            9600000  1.4213282662968041E-02
  1520   48.640000            9600000  1.4213279356060961E-02
  1560   49.920000            9600000  1.4213275772339421E-02
