! EM field energy per field component
  Iter        Time                          B1                      B2                      B3                      E1                      E2                      E3
     0   0.0000000      0.0000000000000000E+00  0.0000000000000000E+00  0.0000000000000000E+00  0.0000000000000000E+00  0.0000000000000000E+00  0.0000000000000000E+00
    40   1.2800000      0.0000000000000000E+00  3.1692585961603380E-10  4.7238673352050196E-10  1.9164962181414761E-08  1.9819277588884041E-10  5.6195846648025910E-11
    80   2.5600000      0.0000000000000000E+00  9.2920979126006455E-11  4.4862949260818684E-10  4.7205547120551279E-07  2.1029296163242107E-10  5.6197796843764787E-11
   120   3.8400000      0.0000000000000000E+00  3.4412887170751834E-10  7.2851633932941379E-10  2.4037169564849586E-06  1.1713004551807845E-10  8.3278728288778831E-11
   160   5.1200000      0.0000000000000000E+00  2.2575605082529905E-10  3.7593611972768644E-10  2.6514239411305528E-06  2.7803741271058876E-10  8.7460664720889089E-11
   200   6.4000000      0.0000000000000000E+00  3.3579510180790395E-10  1.6850162820766167E-10  2.2397023959633681E-06  2.9242255582595041E-10  1.1667120451685253E-10
   240   7.6800000      0.0000000000000000E+00  3.7996502755023386E-10  3.5174370475008819E-10  1.2008138548480365E-06  2.4593104407706206E-10  9.4759484356572673E-11
   280   8.9600000      0.0000000000000000E+00  2.7422152849951117E-10  3.4757928745589482E-10  1.2553329224152753E-06  2.6264917645508614E-10  8.9099321674988179E-11
   320   10.240000      0.0000000000000000E+00  6.4206486293371866E-10  3.2873855827116630E-10  8.7147333359195795E-07  2.9777024668998366E-10  7.1579590475677018E-11
   360   11.520000      0.0000000000000000E+00  3.2263954095381447E-10  4.8301107141101067E-10  6.7165364253404002E-07  1.7233710635291166E-10  6.0321599609161734E-11
   400   12.800000      0.0000000000000000E+00  8.4517728112855855E-10  6.3419204878645655E-10  6.9050199117212156E-07  9.9715405625520645E-11  3.2724056062798130E-11
   440   14.080000      0.0000000000000000E+00  3.6704579222046285E-10  4.7705779017907890E-10  4.2776073172622823E-07  2.3097411047951933E-10  3.6872818185140504E-11
   480   15.360000      0.0000000000000000E+00  6.9598360699386680E-10  7.9496555826799367E-10  5.4904728983565059E-07  7.8851291338149748E-11  3.6690632020361924E-11
   520   16.640000      0.0000000000000000E+00  2.2426162465346639E-10  5.9162228066354629E-10  3.5949471767135314E-07  1.2147551392005562E-10  5.7551469663435641E-11
   560   17.920000      0.0000000000000000E+00  5.3043494122282532E-10  6.2368267324657871E-10  3.6212310357273863E-07  2.7089077984928779E-10  7.9024852585197414E-11
   600   19.200000      0.0000000000000000E+00  2.2737153849276954E-10  5.9610107782975507E-10  4.0478762800782731E-07  1.9202750779280301E-10  9.7769291187252546E-11
   640   20.480000      0.0000000000000000E+00  2.5768881116373423E-10  5.2938433355323450E-10  2.4601423329691826E-07  2.5930093562519924E-10  1.1201647425430837E-10
   680   21.760000      0.0000000000000000E+00  2.6989068722862654E-10  3.6807753947302664E-10  3.9543242196439347E-07  3.2722489943127899E-10  1.0380708950301834E-10
   720   23.040000      0.0000000000000000E+00  1.9423670669783055E-10  3.5418136107979772E-10  2.0861174908520821E-07  2.6340244563725046E-10  8.8639577959284160E-11
   760   24.320000      0.0000000000000000E+00  3.6161606917948492E-10  4.3583332279032054E-10  3.6079235492221269E-07  2.0492310527883344E-10  8.4658662480198403E-11
   800   25.600000      0.0000000000000000E+00  2.2094126075839999E-10  3.4223232970654264E-10  2.3878801947255825E-07  2.4149372409888119E-10  5.6488511396467148E-11
   840   26.880000      0.0000000000000000E+00  4.1925545817083623E-10  2.9890299249205334E-10  2.8656801565965619E-07  1.9030278587365041E-10  3.5403186905759552E-11
   880   28.160000      0.0000000000000000E+00  2.6464245293470672E-10  4.3909314350207324E-10  2.6398193081097420E-07  4.7806090448468790E-11  3.4753688724660984E-11
   920   29.440000      0.0000000000000000E+00  3.6079587626242544E-10  2.3273062592044101E-10  2.5122868086691332E-07  1.8335703779722260E-10  3.7271178309325656E-11
   960   30.720000      0.0000000000000000E+00  2.5637713519477783E-10  4.6077077206543186E-10  2.1469512221566149E-07  1.7835863568673795E-10  6.6431397839824671E-11
  1000   32.000000      0.0000000000000000E+00  2.3209874240676430E-10  5.0417247065136386E-10  2.7414810968787204E-07  9.3943431003385402E-11  5.4467480526661979E-11
  1040   33.280000      0.0000000000000000E+00  1.5918298150868712E-10  3.3672253650120669E-10  2.1272534847089734E-07  2.8984636904660382E-10  1.1069275489999468E-10
  1080   34.560000      0.0000000000000000E+00  1.0638524222820789E-10  1.4519589938047748E-10  2.4274341813120644E-07  2.8763093518845118E-10  9.1942681085176013E-11
  1120   35.840000      0.0000000000000000E+00  1.8901448063820782E-10  1.5867703516568758E-10  2.4171981074740125E-07  2.1381085075188781E-10  1.1095441151889861E-10
  1160   37.120000      0.0000000000000000E+00  1.8441675708604705E-10  1.4481290256853379E-10  1.8324017145192294E-07  3.1954042568054615E-10  8.8773632704910739E-11
  1200   38.400000      0.0000000000000000E+00  1.7443259016421318E-10  3.0429386122061984E-10  2.9423698253286915E-07  2.8374232036480959E-10  9.2459243830286591E-11
  1240   39.680000      0.0000000000000000E+00  3.2813474951450748E-10  2.7751336690268747E-10  1.1701849479529591E-07  1.9053916087342464E-10  6.2990516731559162E-11
  1280   40.960000      0.0000000000000000E+00  2.8840536655749002E-10  6.6018117862431093E-10  3.0035958006164291E-07  1.1662060081839093E-10  3.3943163741180568E-11
  1320   42.240000      0.0000000000000000E+00  3.9672256717643653E-10  2.1862128807703105E-10  1.5049964549425613E-07  2.2799499345600504E-10  4.4027375867174962E-11
  1360   43.520000      0.0000000000000000E+00  3.4986698319747678E-10  1.1094729633613082E-09  2.4760951015508575E-07  7.1758176511021403E-11  3.9189273254527704E-11
  1400   44.800000      0.0000000000000000E+00  3.7071826601687723E-10  3.2687265577248853E-10  2.7148081950435079E-07  1.0599964094768429E-10  4.1242161474887806E-11
  1440   46.080000      0.0000000000000000E+00  2.8672452262128081E-10  1.0778529179330906E-09  1.3103691933173681E-07  2.7288050343997176E-10  7.9419402085313314E-11
  1480   47.360000      0.0000000000000000E+00  2.6362565463226712E-10  5.1049355122539224E-10  3.2954908455709775E-07  1.5331028319764137E-10  9.1210911541961399E-11
  1520   48.640000      0.0000000000000000E+00  2.4230203727561041E-10  1.0761511760276206E-09  9.4891725220780337E-08  2.6088026860524646E-10  1.0699524068024729E-10
  1560   49.920000      0.0000000000000000E+00  2.2961028754317307E-10  6.8095966730497347E-10  3.2295824682551801E-07  3.1908881394955902E-10  1.0318365722061836E-10
