! Kinetic energy for species "electrons"
  Iter        Time          Total Par.             Kin. Energy
     0   0.0000000            9600000  1.4200533061883742E-02
    40   1.2800000            9600000  1.4200586461598148E-02
    80   2.5600000            9600000  1.4201996698670335E-02
   120   3.8400000            9600000  1.4205723804387435E-02
   160   5.1200000            9600000  1.4209707724848496E-02
   200   6.4000000            9600000  1.4210521620666525E-02
   240   7.6800000            9600000  1.4211557592868735E-02
   280   8.9600000            9600000  1.4211502708632718E-02
   320   10.240000            9600000  1.4211885143098440E-02
   360   11.520000            9600000  1.4212084801191849E-02
   400   12.800000            9600000  1.4212065106079339E-02
   440   14.080000            9600000  1.4212327940700481E-02
   480   15.360000            9600000  1.4212206258911989E-02
   520   16.640000            9600000  1.4212396083059986E-02
   560   17.920000            9600000  1.4212392839417522E-02
   600   19.200000            9600000  1.4212350520815615E-02
   640   20.480000            9600000  1.4212509164621709E-02
   680   21.760000            9600000  1.4212359899815242E-02
   720   23.040000            9600000  1.4212546591966760E-02
   760   24.320000            9600000  1.4212394524972024E-02
   800   25.600000            9600000  1.4212516522788788E-02
   840   26.880000            9600000  1.4212468825931704E-02
   880   28.160000            9600000  1.4212491386359207E-02
   920   29.440000            9600000  1.4212504299954139E-02
   960   30.720000            9600000  1.4212540608322440E-02
  1000   32.000000            9600000  1.4212481287032043E-02
  1040   33.280000            9600000  1.4212542634233138E-02
  1080   34.560000            9600000  1.4212512749008231E-02
  1120   35.840000            9600000  1.4212513842300260E-02
  1160   37.120000            9600000  1.4212572163234438E-02
  1200   38.400000            9600000  1.4212461049995606E-02
  1240   39.680000            9600000  1.4212638283737167E-02
  1280   40.960000            9600000  1.4212454764834794E-02
  1320   42.240000            9600000  1.4212604780693340E-02
  1360   43.520000            9600000  1.4212507008655501E-02
  1400   44.800000            9600000  1.4212483917419633E-02
  1440   46.080000            9600000  1.4212623242990184E-02
  1480   47.360000            9600000  1.4212425723622649E-02
  1520   48.640000            9600000  1.4212659431154583E-02
  1560   49.920000            9600000  1.4212431891314169E-02
