! EM field energy per field component
  Iter        Time                          B1                      B2                      B3                      E1                      E2                      E3
     0   0.0000000      0.0000000000000000E+00  0.0000000000000000E+00  0.0000000000000000E+00  0.0000000000000000E+00  0.0000000000000000E+00  0.0000000000000000E+00
    40   1.2800000      0.0000000000000000E+00  3.1690397212789779E-10  4.7239310302419457E-10  1.1470671990746959E-08  1.9818879024315266E-10  5.6186773176859228E-11
    80   2.5600000      0.0000000000000000E+00  9.3071429080099659E-11  4.4750768596347725E-10  7.6642270567869126E-07  2.1058353936094935E-10  5.6213985985608485E-11
   120   3.8400000      0.0000000000000000E+00  3.4258917947513360E-10  7.2335537837079506E-10  4.3376669672041325E-06  1.1708441803464941E-10  8.3171728883863201E-11
   160   5.1200000      0.0000000000000000E+00  2.2425894111661229E-10  3.7620241152184274E-10  5.7694009590843356E-06  2.7723150401316631E-10  8.7192509083979569E-11
   200   6.4000000      0.0000000000000000E+00  3.3509755305048344E-10  1.7032433040451072E-10  5.7966746117434512E-06  2.9204018473175738E-10  1.1724889018628456E-10
   240   7.6800000      0.0000000000000000E+00  3.8328942623416495E-10  3.5154228169986968E-10  5.2740084822789905E-06  2.4634131147346638E-10  9.4900381742623157E-11
   280   8.9600000      0.0000000000000000E+00  2.7974909215102737E-10  3.4726267300582447E-10  5.6259838002882145E-06  2.6190722211835816E-10  8.9024539368011087E-11
   320   10.240000      0.0000000000000000E+00  6.3980556761139139E-10  3.2578348561361168E-10  5.5606474724096218E-06  2.9853750147093776E-10  7.2416506925540187E-11
   360   11.520000      0.0000000000000000E+00  3.1668769172268067E-10  4.7967643445221761E-10  5.3471984490396674E-06  1.7248947479704811E-10  6.0006677451756170E-11
   400   12.800000      0.0000000000000000E+00  8.2762514650681128E-10  6.2379071557745774E-10  5.7640941274660655E-06  1.0022324457373836E-10  3.2743168521692804E-11
   440   14.080000      0.0000000000000000E+00  3.6269388115604662E-10  4.7496324446039975E-10  5.3572818937179237E-06  2.3143102609251070E-10  3.6625013250921520E-11
   480   15.360000      0.0000000000000000E+00  6.9916074766012403E-10  7.9258549195920191E-10  5.7824864066777553E-06  7.8518549995500610E-11  3.6306855652864799E-11
   520   16.640000      0.0000000000000000E+00  2.2034175971968425E-10  5.8650726345882447E-10  5.3661754367955518E-06  1.2179472287831811E-10  5.7106543186396839E-11
   560   17.920000      0.0000000000000000E+00  5.2555808473799803E-10  6.0834520174683743E-10  5.7153068091805940E-06  2.7229978700625094E-10  7.8446855093237845E-11
   600   19.200000      0.0000000000000000E+00  2.3588572226598499E-10  5.8279279114909359E-10  5.5873329887343942E-06  1.9252915162371164E-10  9.7074261352497685E-11
   640   20.480000      0.0000000000000000E+00  2.5260986175691204E-10  5.2448292275210756E-10  5.4909094443453270E-06  2.5827265686878595E-10  1.1188521740771113E-10
   680   21.760000      0.0000000000000000E+00  2.6890476399313653E-10  3.7139662888104948E-10  5.7670563839664859E-06  3.2797071353814628E-10  1.0332250842975270E-10
   720   23.040000      0.0000000000000000E+00  2.0153183200328623E-10  3.5724796730668114E-10  5.3572131268484362E-06  2.6410054805525326E-10  8.8680823233186830E-11
   760   24.320000      0.0000000000000000E+00  3.7024356494091569E-10  4.3076007325026665E-10  5.8073073192397894E-06  2.0473088474116321E-10  8.5512702679524033E-11
   800   25.600000      0.0000000000000000E+00  2.3386719968208929E-10  3.2930911519574088E-10  5.2571003149060060E-06  2.4291392186297228E-10  5.5885192680777267E-11
   840   26.880000      0.0000000000000000E+00  4.1216749004206107E-10  2.9395016263952909E-10  5.7131325360488855E-06  1.9134668970905024E-10  3.5201883973094504E-11
   880   28.160000      0.0000000000000000E+00  2.7177483811413035E-10  4.1964243468617941E-10  5.5222016613986648E-06  4.7123342172350963E-11  3.3543581295668977E-11
   920   29.440000      0.0000000000000000E+00  3.4632469869833602E-10  1.9863048246579220E-10  5.4046655624060908E-06  1.8210698768324413E-10  3.7728704610358496E-11
   960   30.720000      0.0000000000000000E+00  2.7393593450908079E-10  4.7469389986705248E-10  5.6555884672047612E-06  1.7638729620331705E-10  6.7075797151410512E-11
  1000   32.000000      0.0000000000000000E+00  2.5234247039375991E-10  5.7149055302269366E-10  5.3377998305316203E-06  9.3118644456573974E-11  5.5269678368924616E-11
  1040   33.280000      0.0000000000000000E+00  1.6104441492398799E-10  3.6191380622243107E-10  5.7479161176407325E-06  2.8863965836858557E-10  1.1015029032063434E-10
  1080   34.560000      0.0000000000000000E+00  1.0488761406026298E-10  1.8306688871979510E-10  5.3171013771210941E-06  2.8369859567932405E-10  9.2319501431292502E-11
  1120   35.840000      0.0000000000000000E+00  1.8434587361969446E-10  1.7398632050736941E-10  5.6729483346498595E-06  2.1428724493967457E-10  1.1063534718261791E-10
  1160   37.120000      0.0000000000000000E+00  1.7787621237563018E-10  1.3039461404327549E-10  5.4052141817693058E-06  3.1955051426307494E-10  8.9121728209018447E-11
  1200   38.400000      0.0000000000000000E+00  1.6963475469948254E-10  2.8197542465342842E-10  5.4597196675407152E-06  2.8360812959103173E-10  9.3498609162851304E-11
  1240   39.680000      0.0000000000000000E+00  3.4262037272975139E-10  2.4524970440542633E-10  5.4827701669498702E-06  1.9030347077493878E-10  6.3107861007728531E-11
  1280   40.960000      0.0000000000000000E+00  3.0813587701287956E-10  6.5929345837147350E-10  5.3660165729572509E-06  1.2009629143872281E-10  3.5025281361215063E-11
  1320   42.240000      0.0000000000000000E+00  3.8763603013944281E-10  2.2033486560032619E-10  5.6553563386612675E-06  2.2995120482335549E-10  4.4807351000691323E-11
  1360   43.520000      0.0000000000000000E+00  3.6026424688150863E-10  1.1036338590321888E-09  5.3748499000379131E-06  7.1816071857764948E-11  3.7674164668496239E-11
  1400   44.800000      0.0000000000000000E+00  3.8124766077214536E-10  3.2368406335360279E-10  5.6541470434656338E-06  1.0690525772806291E-10  4.1102216814694152E-11
  1440   46.080000      0.0000000000000000E+00  2.8804716847309667E-10  1.1124044823035490E-09  5.2520972737947166E-06  2.7491648259222098E-10  7.9587736197024940E-11
  1480   47.360000      0.0000000000000000E+00  2.5629616605769534E-10  5.1961801731586331E-10  5.5747343836336629E-06  1.5234155654944289E-10  9.0776773246175982E-11
  1520   48.640000      0.0000000000000000E+00  2.4419438004207861E-10  1.0950196126721999E-09  5.4825027886623255E-06  2.6058646281152525E-10  1.0621640821675603E-10
  1560   49.920000      0.0000000000000000E+00  2.1982616766533432E-10  7.0809077597565718E-10  5.4903348444898505E-06  3.1866109260249034E-10  1.0305311290735019E-10
