! Kinetic energy for species "electrons"
  Iter        Time          Total Par.             Kin. Energy
     0   0.0000000            9600000  1.4200533061883742E-02
    40   1.2800000            9600000  1.4200589195065913E-02
    80   2.5600000            9600000  1.4202010068785154E-02
   120   3.8400000            9600000  1.4204572353939522E-02
   160   5.1200000            9600000  1.4207921382118509E-02
   200   6.4000000            9600000  1.4208444556839565E-02
   240   7.6800000            9600000  1.4208966563583619E-02
   280   8.9600000            9600000  1.4208614946346046E-02
   320   10.240000            9600000  1.4208679906794790E-02
   360   11.520000            9600000  1.4208893425789860E-02
   400   12.800000            9600000  1.4208476413580268E-02
   440   14.080000            9600000  1.4208883350899528E-02
   480   15.360000            9600000  1.4208458089484195E-02
   520   16.640000            9600000  1.4208874607715544E-02
   560   17.920000            9600000  1.4208525180373422E-02
   600   19.200000            9600000  1.4208653481198402E-02
   640   20.480000            9600000  1.4208749744917948E-02
   680   21.760000            9600000  1.4208473924293741E-02
   720   23.040000            9600000  1.4208883515925128E-02
   760   24.320000            9600000  1.4208433678250747E-02
   800   25.600000            9600000  1.4208983601179353E-02
   840   26.880000            9600000  1.4208527906821023E-02
   880   28.160000            9600000  1.4208718741777801E-02
   920   29.440000            9600000  1.4208836291968931E-02
   960   30.720000            9600000  1.4208585336560959E-02
  1000   32.000000            9600000  1.4208902961801471E-02
  1040   33.280000            9600000  1.4208493286114270E-02
  1080   34.560000            9600000  1.4208923861911939E-02
  1120   35.840000            9600000  1.4208568415613370E-02
  1160   37.120000            9600000  1.4208835738234669E-02
  1200   38.400000            9600000  1.4208781222476492E-02
  1240   39.680000            9600000  1.4208758148886559E-02
  1280   40.960000            9600000  1.4208874421796082E-02
  1320   42.240000            9600000  1.4208585704315976E-02
  1360   43.520000            9600000  1.4208865273368589E-02
  1400   44.800000            9600000  1.4208586994547991E-02
  1440   46.080000            9600000  1.4208987636484798E-02
  1480   47.360000            9600000  1.4208666137396190E-02
  1520   48.640000            9600000  1.4208757576230323E-02
  1560   49.920000            9600000  1.4208750218934339E-02
