! EM field energy per field component
  Iter        Time                          B1                      B2                      B3                      E1                      E2                      E3
     0   0.0000000      0.0000000000000000E+00  0.0000000000000000E+00  0.0000000000000000E+00  0.0000000000000000E+00  0.0000000000000000E+00  0.0000000000000000E+00
    40   1.2800000      0.0000000000000000E+00  3.1689898747531884E-10  4.7239602510049626E-10  1.2613001509396251E-08  1.9818747920496454E-10  5.6185962225774687E-11
    80   2.5600000      0.0000000000000000E+00  9.3093332381471655E-11  4.4753174077849452E-10  7.9716696115867878E-07  2.1054847071909752E-10  5.6208611062402478E-11
   120   3.8400000      0.0000000000000000E+00  3.4293310775639033E-10  7.2398957966061347E-10  4.1600236627487861E-06  1.1701108300674450E-10  8.3195894437012910E-11
   160   5.1200000      0.0000000000000000E+00  2.2442199493271522E-10  3.7652912033363089E-10  5.9459317982536318E-06  2.7746843401193667E-10  8.7246679809957819E-11
   200   6.4000000      0.0000000000000000E+00  3.3548065057673970E-10  1.6997777204950647E-10  5.8396571170491198E-06  2.9209069772990919E-10  1.1709449774334388E-10
   240   7.6800000      0.0000000000000000E+00  3.8285238158453630E-10  3.5208743558580395E-10  5.3136652990286035E-06  2.4605288878266186E-10  9.4698793292518427E-11
   280   8.9600000      0.0000000000000000E+00  2.8021695336738615E-10  3.4783240545246246E-10  5.8018531015749129E-06  2.6202229356115146E-10  8.9045730169086324E-11
   320   10.240000      0.0000000000000000E+00  6.4046776840539426E-10  3.2539975624130629E-10  5.4897215318694670E-06  2.9833583428713314E-10  7.2358466570650904E-11
   360   11.520000      0.0000000000000000E+00  3.1725620965239246E-10  4.7806253074158345E-10  5.6669732836528861E-06  1.7256466216203684E-10  6.0092674999544219E-11
   400   12.800000      0.0000000000000000E+00  8.3013793997321498E-10  6.2315626267328999E-10  5.5838931540749179E-06  1.0019610172870880E-10  3.2781166903280101E-11
   440   14.080000      0.0000000000000000E+00  3.6554446453396841E-10  4.7376145861553511E-10  5.6753437147426510E-06  2.3176852164149370E-10  3.6660942236973474E-11
   480   15.360000      0.0000000000000000E+00  7.0251953944455731E-10  7.9375668273159125E-10  5.6870694963420501E-06  7.8282668644258308E-11  3.6405712068161615E-11
   520   16.640000      0.0000000000000000E+00  2.2255816773970785E-10  5.8609000947882496E-10  5.5168407455523741E-06  1.2199852323314884E-10  5.7006388105700513E-11
   560   17.920000      0.0000000000000000E+00  5.2920965258022921E-10  6.1052969438522928E-10  5.8262138084186726E-06  2.7226728489786112E-10  7.8574052199756653E-11
   600   19.200000      0.0000000000000000E+00  2.3677910997407213E-10  5.8494229175632604E-10  5.5032688832341582E-06  1.9225357496355027E-10  9.7179385407453797E-11
   640   20.480000      0.0000000000000000E+00  2.5473677096823292E-10  5.2606049037760935E-10  5.8304786879039847E-06  2.5814435732264495E-10  1.1211637071555575E-10
   680   21.760000      0.0000000000000000E+00  2.7062431385893550E-10  3.7123218376461447E-10  5.5425219691002593E-06  3.2833565586651864E-10  1.0347113912978787E-10
   720   23.040000      0.0000000000000000E+00  2.0261268833535010E-10  3.5851400799750685E-10  5.7587112382301235E-06  2.6424483560849059E-10  8.8553815562142579E-11
   760   24.320000      0.0000000000000000E+00  3.7108332814597834E-10  4.3178333623215981E-10  5.6711874958637086E-06  2.0484563657370570E-10  8.5864424435895977E-11
   800   25.600000      0.0000000000000000E+00  2.2966581289779382E-10  3.2802666990065846E-10  5.4936233798369046E-06  2.4322828910006185E-10  5.5861833297037766E-11
   840   26.880000      0.0000000000000000E+00  4.0819850520472411E-10  2.9283025578796802E-10  5.7790363015760090E-06  1.9137648029835681E-10  3.5616892125026810E-11
   880   28.160000      0.0000000000000000E+00  2.7151129883578343E-10  4.1923991528053383E-10  5.4982144878756752E-06  4.7037829150607747E-11  3.3709735733009791E-11
   920   29.440000      0.0000000000000000E+00  3.4869916437065881E-10  1.9951609359824598E-10  5.7462817276963930E-06  1.8279777148305935E-10  3.7862493637328668E-11
   960   30.720000      0.0000000000000000E+00  2.7274133494109986E-10  4.7069289221856500E-10  5.4317423053810552E-06  1.7638837256061087E-10  6.7402506503509305E-11
  1000   32.000000      0.0000000000000000E+00  2.5005736014213247E-10  5.6679023955359833E-10  5.7478725450952339E-06  9.3067124277994119E-11  5.5379087771052973E-11
  1040   33.280000      0.0000000000000000E+00  1.5775039832801440E-10  3.5807949123450986E-10  5.5605335256023081E-06  2.8918316214291616E-10  1.1072599858018783E-10
  1080   34.560000      0.0000000000000000E+00  1.0383795368844246E-10  1.8294964329727448E-10  5.5933863451752278E-06  2.8330660482353730E-10  9.2678341540230342E-11
  1120   35.840000      0.0000000000000000E+00  1.8092492504921210E-10  1.7334721861072930E-10  5.7036859779944450E-06  2.1486662944054568E-10  1.1080851617451495E-10
  1160   37.120000      0.0000000000000000E+00  1.7794909629193914E-10  1.2926907584608458E-10  5.4455522617167851E-06  3.1977382372680283E-10  8.9708050404461391E-11
  1200   38.400000      0.0000000000000000E+00  1.6754388970104670E-10  2.7393167699109924E-10  5.7258960112459662E-06  2.8369079072555680E-10  9.3758399271394076E-11
  1240   39.680000      0.0000000000000000E+00  3.3909100889273682E-10  2.3944071460854343E-10  5.3358624925359592E-06  1.9025335893610877E-10  6.3580069067685808E-11
  1280   40.960000      0.0000000000000000E+00  3.0523487506590892E-10  6.4831242971107540E-10  5.7165312852684579E-06  1.2020792235646293E-10  3.5126846497875927E-11
  1320   42.240000      0.0000000000000000E+00  3.8456105423050496E-10  2.2054976716797087E-10  5.4813327914349628E-06  2.3083321101352129E-10  4.5301442105914681E-11
  1360   43.520000      0.0000000000000000E+00  3.5704131408637287E-10  1.1006617718466605E-09  5.6652624618503100E-06  7.1685358117830065E-11  3.8294470130250509E-11
  1400   44.800000      0.0000000000000000E+00  3.7542467574823581E-10  3.2246638597437270E-10  5.6419242938954570E-06  1.0660690921210825E-10  4.1189296899541593E-11
  1440   46.080000      0.0000000000000000E+00  2.8424544573517781E-10  1.1099060954781851E-09  5.3835087589042805E-06  2.7508627913463787E-10  7.9879468267117948E-11
  1480   47.360000      0.0000000000000000E+00  2.5672081217115778E-10  5.1774539317528316E-10  5.6981067956541296E-06  1.5265938881265641E-10  9.1011184071784959E-11
  1520   48.640000      0.0000000000000000E+00  2.4282747493749063E-10  1.0922870976002968E-09  5.4381587945107771E-06  2.5982600732166774E-10  1.0692657584892819E-10
  1560   49.920000      0.0000000000000000E+00  2.2226773784429367E-10  7.0035675931208568E-10  5.7743257018138800E-06  3.1896831942634673E-10  1.0346091973260552E-10
