! Kinetic energy for species "electrons"
  Iter        Time          Total Par.             Kin. Energy
     0   0.0000000            9600000  1.4200533061883742E-02
    40   1.2800000            9600000  1.4200593980703764E-02
    80   2.5600000            9600000  1.4201997512852112E-02
   120   3.8400000            9600000  1.4204690188107421E-02
   160   5.1200000            9600000  1.4207866023044208E-02
   200   6.4000000            9600000  1.4208505861382767E-02
   240   7.6800000            9600000  1.4209031212906779E-02
   280   8.9600000            9600000  1.4208543571630509E-02
   320   10.240000            9600000  1.4208855013640397E-02
   360   11.520000            9600000  1.4208678293071392E-02
   400   12.800000            9600000  1.4208760720789320E-02
   440   14.080000            9600000  1.4208669866544872E-02
   480   15.360000            9600000  1.4208657708868779E-02
   520   16.640000            9600000  1.4208828350106171E-02
   560   17.920000            9600000  1.4208518698076700E-02
   600   19.200000            9600000  1.4208841733536856E-02
   640   20.480000            9600000  1.4208514784060069E-02
   680   21.760000            9600000  1.4208802506569952E-02
   720   23.040000            9600000  1.4208586650587668E-02
   760   24.320000            9600000  1.4208673948514727E-02
   800   25.600000            9600000  1.4208851585964816E-02
   840   26.880000            9600000  1.4208566366288568E-02
   880   28.160000            9600000  1.4208847006692648E-02
   920   29.440000            9600000  1.4208599323845095E-02
   960   30.720000            9600000  1.4208913301048454E-02
  1000   32.000000            9600000  1.4208597677727768E-02
  1040   33.280000            9600000  1.4208784826585902E-02
  1080   34.560000            9600000  1.4208752175506732E-02
  1120   35.840000            9600000  1.4208642038054759E-02
  1160   37.120000            9600000  1.4208899803606437E-02
  1200   38.400000            9600000  1.4208619641068223E-02
  1240   39.680000            9600000  1.4209009309947424E-02
  1280   40.960000            9600000  1.4208628611735680E-02
  1320   42.240000            9600000  1.4208863910567974E-02
  1360   43.520000            9600000  1.4208679564616456E-02
  1400   44.800000            9600000  1.4208703514629680E-02
  1440   46.080000            9600000  1.4208960697462560E-02
  1480   47.360000            9600000  1.4208647181695691E-02
  1520   48.640000            9600000  1.4208906170857950E-02
  1560   49.920000            9600000  1.4208570835179717E-02
