! EM field energy per field component
  Iter        Time                          B1                      B2                      B3                      E1                      E2                      E3
     0   0.0000000      0.0000000000000000E+00  0.0000000000000000E+00  0.0000000000000000E+00  0.0000000000000000E+00  0.0000000000000000E+00  0.0000000000000000E+00
    40   1.2800000      0.0000000000000000E+00  3.1691119531590864E-10  4.7242627313936314E-10  1.4518760483800696E-08  1.9818409535831872E-10  5.6188587560440683E-11
    80   2.5600000      0.0000000000000000E+00  9.2872768561561977E-11  4.4823529066888291E-10  5.9516138918281666E-07  2.1040642419068015E-10  5.6247621576502839E-11
   120   3.8400000      0.0000000000000000E+00  3.4297226132321362E-10  7.2556923255557728E-10  2.5448784735861457E-06  1.1729568678917192E-10  8.3162209839296963E-11
   160   5.1200000      0.0000000000000000E+00  2.2569686578488653E-10  3.7508526670707408E-10  3.5966227100818230E-06  2.7738572008758909E-10  8.7046463381050242E-11
   200   6.4000000      0.0000000000000000E+00  3.3716474764391072E-10  1.6660328731187350E-10  2.4542749376340939E-06  2.9199286270515824E-10  1.1792864939796441E-10
   240   7.6800000      0.0000000000000000E+00  3.8247736172335453E-10  3.4994059046160656E-10  1.9604944135371308E-06  2.4610238731719535E-10  9.5591107743257377E-11
   280   8.9600000      0.0000000000000000E+00  2.7986464273274924E-10  3.4793001734161537E-10  1.4119517808196113E-06  2.6253930578707291E-10  8.9372944267477385E-11
   320   10.240000      0.0000000000000000E+00  6.4390269510915685E-10  3.2886958114319045E-10  1.1832618141897999E-06  2.9770786635996816E-10  7.2208733540984277E-11
   360   11.520000      0.0000000000000000E+00  3.1855791810556519E-10  4.7494030547257948E-10  8.4689501425355805E-07  1.7192682249613787E-10  6.0074943287640551E-11
   400   12.800000      0.0000000000000000E+00  8.3087752478648697E-10  6.3643031409308486E-10  7.5769303854797061E-07  9.9429293922007343E-11  3.3254164341798120E-11
   440   14.080000      0.0000000000000000E+00  3.5332448853509878E-10  4.6678466120224714E-10  5.6504942909305783E-07  2.3213977819690673E-10  3.6283068501044510E-11
   480   15.360000      0.0000000000000000E+00  6.7960282216590229E-10  7.9788843982923115E-10  4.8017949875796090E-07  7.9254252225580253E-11  3.5966378275410996E-11
   520   16.640000      0.0000000000000000E+00  2.1310848600879724E-10  5.8362847980309165E-10  3.5873045000508752E-07  1.2206262874205536E-10  5.7125449097072324E-11
   560   17.920000      0.0000000000000000E+00  5.2210291953219635E-10  6.2624974796681126E-10  3.0701714650798681E-07  2.7237935246467138E-10  7.8266097844832822E-11
   600   19.200000      0.0000000000000000E+00  2.2868630531384519E-10  5.8752433213918306E-10  2.4152298121255971E-07  1.9310819153213316E-10  9.7100458861221885E-11
   640   20.480000      0.0000000000000000E+00  2.4185390928717524E-10  5.2830126359349122E-10  2.1896089360082385E-07  2.5800488974482813E-10  1.1277806943685587E-10
   680   21.760000      0.0000000000000000E+00  2.6527231200406424E-10  3.8314984734872150E-10  1.6869028910224537E-07  3.2836575012897717E-10  1.0335287972399453E-10
   720   23.040000      0.0000000000000000E+00  1.9182337452787401E-10  3.6306162646733547E-10  1.4378583427839595E-07  2.6381988982863305E-10  8.8879685866460421E-11
   760   24.320000      0.0000000000000000E+00  3.7189180937077626E-10  4.3365112854167667E-10  1.4854160238208507E-07  2.0494470671853510E-10  8.5063394312148905E-11
   800   25.600000      0.0000000000000000E+00  2.3446404464362703E-10  3.4262133296095482E-10  8.2300247248522549E-08  2.4129343892156749E-10  5.5884280482011740E-11
   840   26.880000      0.0000000000000000E+00  4.2743103573988649E-10  3.0027801995141037E-10  1.0980847034460470E-07  1.9177611814679440E-10  3.4787974594635841E-11
   880   28.160000      0.0000000000000000E+00  2.6299292459450897E-10  4.4212624882376007E-10  6.9914449659213543E-08  4.7472776599775400E-11  3.4603607756546448E-11
   920   29.440000      0.0000000000000000E+00  3.2054945935384700E-10  2.1577338568782167E-10  7.7528907134286154E-08  1.8177849490216385E-10  3.7614723824854470E-11
   960   30.720000      0.0000000000000000E+00  2.5443480846626926E-10  4.8021624973968985E-10  5.6134388768061891E-08  1.7704109031155061E-10  6.6787701275743805E-11
  1000   32.000000      0.0000000000000000E+00  2.3230854214533643E-10  5.4597167307991170E-10  6.3839669126146220E-08  9.4614867001812141E-11  5.5339451867702310E-11
  1040   33.280000      0.0000000000000000E+00  1.6586740391829730E-10  3.5718480594522265E-10  5.4769285472098955E-08  2.8670900522336616E-10  1.0975154010045109E-10
  1080   34.560000      0.0000000000000000E+00  8.5867509332315649E-11  1.7992408506888743E-10  4.5959004924386924E-08  2.8533960145703801E-10  9.3173659019092012E-11
  1120   35.840000      0.0000000000000000E+00  1.9739322319091474E-10  1.8746907764265074E-10  4.6767923036671654E-08  2.1312852235934709E-10  1.0825064144844594E-10
  1160   37.120000      0.0000000000000000E+00  1.9846161632456148E-10  1.2161703825232764E-10  4.4762685455515834E-08  3.2017381290560172E-10  9.1425221419898168E-11
  1200   38.400000      0.0000000000000000E+00  1.8970834978076643E-10  2.8687159401979577E-10  3.7176816933309457E-08  2.8216745397270806E-10  8.9928761126675701E-11
  1240   39.680000      0.0000000000000000E+00  3.3434189277835859E-10  2.5240242790584731E-10  5.4852216327538221E-08  1.8900970497335520E-10  6.3335867179610247E-11
  1280   40.960000      0.0000000000000000E+00  2.9658751505979746E-10  6.8385432346939854E-10  4.7574578666700379E-08  1.1958509105993633E-10  3.4589646225016995E-11
  1320   42.240000      0.0000000000000000E+00  3.7092840397083264E-10  2.1458478282301447E-10  4.9354439046071218E-08  2.3001221486696869E-10  4.4258694894415494E-11
  1360   43.520000      0.0000000000000000E+00  3.8477796945865852E-10  1.0536213381954374E-09  5.6925028249748125E-08  7.0370684441638830E-11  3.8509825279446130E-11
  1400   44.800000      0.0000000000000000E+00  3.6450874029057727E-10  2.8851036227611073E-10  4.0752096366316918E-08  1.0760057518314312E-10  4.3100918448664779E-11
  1440   46.080000      0.0000000000000000E+00  2.7531060725714341E-10  1.0485779158591154E-09  4.8394686447775018E-08  2.7293809423679538E-10  7.8424850789639764E-11
  1480   47.360000      0.0000000000000000E+00  2.1548427552867006E-10  5.0645843599639104E-10  3.5152324541273634E-08  1.5281830025829055E-10  9.4400914965319933E-11
  1520   48.640000      0.0000000000000000E+00  2.3565973617793621E-10  1.0299759577481029E-09  4.3347482182197812E-08  2.6144607521680745E-10  1.0334192633757431E-10
  1560   49.920000      0.0000000000000000E+00  1.8407010620112536E-10  6.4686364238289172E-10  6.1691432639473676E-08  3.1736241155481527E-10  1.0554327146115853E-10
