! Kinetic energy for species "electrons"
  Iter        Time          Total Par.             Kin. Energy
     0   0.0000000            9600000  1.4200533061883742E-02
    40   1.2800000            9600000  1.4200590347473768E-02
    80   2.5600000            9600000  1.4201956722593174E-02
   120   3.8400000            9600000  1.4205841731041915E-02
   160   5.1200000            9600000  1.4209411965585315E-02
   200   6.4000000            9600000  1.4210990319357408E-02
   240   7.6800000            9600000  1.4211482694949099E-02
   280   8.9600000            9600000  1.4212029659917604E-02
   320   10.240000            9600000  1.4212257529960855E-02
   360   11.520000            9600000  1.4212593117329555E-02
   400   12.800000            9600000  1.4212681638704799E-02
   440   14.080000            9600000  1.4212874151836091E-02
   480   15.360000            9600000  1.4212958442633240E-02
   520   16.640000            9600000  1.4213080103394244E-02
   560   17.920000            9600000  1.4213131012219519E-02
   600   19.200000            9600000  1.4213196903830105E-02
   640   20.480000            9600000  1.4213219302132622E-02
   680   21.760000            9600000  1.4213269475288910E-02
   720   23.040000            9600000  1.4213294525789132E-02
   760   24.320000            9600000  1.4213289552325974E-02
   800   25.600000            9600000  1.4213355885784318E-02
   840   26.880000            9600000  1.4213328382554725E-02
   880   28.160000            9600000  1.4213368375331492E-02
   920   29.440000            9600000  1.4213360842774199E-02
   960   30.720000            9600000  1.4213381972530019E-02
  1000   32.000000            9600000  1.4213374393593931E-02
  1040   33.280000            9600000  1.4213383430100385E-02
  1080   34.560000            9600000  1.4213392379599010E-02
  1120   35.840000            9600000  1.4213391575793200E-02
  1160   37.120000            9600000  1.4213393473331202E-02
  1200   38.400000            9600000  1.4213400888449490E-02
  1240   39.680000            9600000  1.4213383397117306E-02
  1280   40.960000            9600000  1.4213390293828780E-02
  1320   42.240000            9600000  1.4213388826064755E-02
  1360   43.520000            9600000  1.4213380592248363E-02
  1400   44.800000            9600000  1.4213397551583774E-02
  1440   46.080000            9600000  1.4213388852460821E-02
  1480   47.360000            9600000  1.4213402856660191E-02
  1520   48.640000            9600000  1.4213393960144163E-02
  1560   49.920000            9600000  1.4213376104310794E-02
