! EM field energy per field component
  Iter        Time                          B1                      B2                      B3                      E1                      E2                      E3
     0   0.0000000      0.0000000000000000E+00  0.0000000000000000E+00  0.0000000000000000E+00  0.0000000000000000E+00  0.0000000000000000E+00  0.0000000000000000E+00
   160   5.1200000      0.0000000000000000E+00  2.2244654269982323E-10  3.7075797570612231E-10  1.9156036485941361E-05  2.7922497388338101E-10  8.7360239945429479E-11
   320   10.240000      0.0000000000000000E+00  6.3906516800182874E-10  3.2975543508924968E-10  1.2367909768147011E-05  2.9873350405293032E-10  7.1564807638779680E-11
   480   15.360000      0.0000000000000000E+00  6.8180874945438098E-10  7.6788574581714442E-10  9.2352942179884925E-06  7.8425052068652315E-11  3.5342142670922337E-11
   640   20.480000      0.0000000000000000E+00  2.2990415257176458E-10  5.1817170444056186E-10  6.8068834987073962E-06  2.6380697913887596E-10  1.1214059658022917E-10
   800   25.600000      0.0000000000000000E+00  2.2076754234545494E-10  3.3100170977568466E-10  5.3202196755912500E-06  2.4283516234061938E-10  5.6758259679692722E-11
   960   30.720000      0.0000000000000000E+00  2.8688431767152608E-10  4.7852322728532437E-10  4.9791738960843771E-06  1.8222729142037204E-10  6.5757633499015741E-11
  1120   35.840000      0.0000000000000000E+00  1.9397951237128130E-10  1.6795160004053409E-10  5.6068725475979478E-06  2.1063314436477389E-10  1.0994024448924226E-10
  1280   40.960000      0.0000000000000000E+00  2.8456986576335194E-10  7.4016201065793162E-10  6.8432456192794315E-06  1.1973487014054870E-10  3.4340314314936470E-11
  1440   46.080000      0.0000000000000000E+00  3.0546206779977936E-10  1.0801951724763662E-09  8.5982457187815236E-06  2.7203649463170189E-10  7.8829596061821631E-11
  1600   51.200000      0.0000000000000000E+00  2.2555822613288984E-10  7.7748745818032490E-10  1.0391253440688103E-05  2.4380435586212185E-10  9.9904696418920951E-11
  1760   56.320000      0.0000000000000000E+00  2.2675710873077758E-10  3.5761662496329015E-10  1.1944722745721391E-05  6.1997920169022474E-11  2.9568177156489888E-11
  1920   61.440000      0.0000000000000000E+00  4.2332053749873525E-10  2.6026141469171303E-10  1.2385776597951364E-05  2.9179198258243664E-10  9.9642075313857069E-11
  2080   66.560000      0.0000000000000000E+00  4.1671852540384817E-10  3.9661457609584753E-10  1.1547502337371981E-05  2.7656457358757280E-10  8.8562911434236394E-11
  2240   71.680000      0.0000000000000000E+00  2.0548548866637043E-10  6.4144748369258982E-10  9.6359860927279855E-06  6.1633133919092195E-11  2.9408352116401913E-11
  2400   76.800000      0.0000000000000000E+00  1.4824895896034835E-10  3.5283277029720165E-10  7.4452289304157890E-06  2.4779577193657244E-10  1.0985163312978042E-10
  2560   81.920000      0.0000000000000000E+00  1.2995792757950979E-10  1.6099395620152212E-10  5.8532062899507136E-06  2.8772062163856951E-10  7.8739923149971275E-11
  2720   87.040000      0.0000000000000000E+00  2.6733903352099442E-10  1.9399779843915294E-10  5.3854009660640726E-06  1.4735171075872860E-10  4.8052325232318279E-11
  2880   92.160000      0.0000000000000000E+00  2.7178188912434232E-10  4.9039265639434024E-10  5.0369600994706636E-06  2.2291269501476824E-10  1.0430809856897649E-10
  3040   97.280000      0.0000000000000000E+00  4.6501997761351944E-10  3.6962778327617210E-10  4.8902427692377484E-06  2.3519258607143281E-10  5.7513511331852035E-11
  3200   102.40000      0.0000000000000000E+00  5.5080292349914396E-10  3.3920451878029453E-10  5.3453698329540788E-06  2.2262345144898651E-10  5.4386220595485812E-11
  3360   107.52000      0.0000000000000000E+00  3.5607341936978451E-10  3.3760060802783359E-10  5.8158323859861042E-06  1.8006075102839747E-10  7.8923257525861486E-11
  3520   112.64000      0.0000000000000000E+00  2.0021118352837683E-10  5.0838807348038985E-10  6.9032272975843135E-06  1.2820119375337102E-10  3.0272644273059413E-11
  3680   117.76000      0.0000000000000000E+00  1.0291728536911338E-10  5.1399960398848341E-10  8.1472906666997904E-06  2.7684183596592538E-10  6.1007724620434711E-11
  3840   122.88000      0.0000000000000000E+00  2.7023043022016861E-10  3.2788195291394834E-10  8.7477104487392953E-06  2.4479980243652621E-10  8.5932301060274969E-11
  4000   128.00000      0.0000000000000000E+00  4.3045923613900049E-10  2.5075146977581536E-10  9.1206501066391328E-06  1.0612398560457285E-10  4.5637794113642431E-11
  4160   133.12000      0.0000000000000000E+00  2.7701090141533869E-10  3.2768411404899069E-10  8.9068609944324450E-06  2.6758654936562287E-10  8.6274891690296027E-11
  4320   138.24000      0.0000000000000000E+00  3.3878957146297451E-10  2.1395585246157941E-10  8.8477527205422822E-06  3.0605266990642586E-10  8.2656705210099255E-11
  4480   143.36000      0.0000000000000000E+00  4.1991713297714454E-10  2.0429748631701210E-10  8.2168622053274190E-06  1.0788990181895264E-10  3.6518150249808595E-11
  4640   148.48000      0.0000000000000000E+00  2.0777203451123703E-10  2.7849470316348265E-10  7.6226491018444510E-06  2.0194410407111219E-10  8.6847822573870249E-11
  4800   153.60000      0.0000000000000000E+00  2.1641467499670404E-10  3.4717136952534490E-10  7.0719157458342959E-06  3.0528379208736069E-10  7.3298813301411498E-11
  4960   158.72000      0.0000000000000000E+00  2.2649917523055014E-10  3.8660537455933343E-10  6.5039035756619567E-06  1.5163580028888705E-10  3.9215144119146827E-11
  5120   163.84000      0.0000000000000000E+00  1.4761763800533407E-10  3.0245854924019889E-10  5.9990704844944207E-06  1.7097695918012483E-10  8.7089296372468328E-11
  5280   168.96000      0.0000000000000000E+00  5.7743613425001682E-10  6.6804778661200218E-10  6.3334490093223126E-06  2.2610935199124310E-10  5.5022929938759101E-11
  5440   174.08000      0.0000000000000000E+00  7.3713373353287050E-10  1.3837644681835036E-09  6.9630387127044933E-06  2.2468607800102966E-10  4.8769344654526731E-11
  5600   179.20000      0.0000000000000000E+00  2.0711076764815203E-10  1.2343699363572185E-09  7.7614257303871304E-06  2.1087779567300296E-10  7.9036334357075604E-11
  5760   184.32000      0.0000000000000000E+00  1.5529511472831633E-10  2.0682786476366227E-10  8.5049006168058724E-06  1.3371576556130502E-10  3.1076903864950280E-11
  5920   189.44000      0.0000000000000000E+00  4.4229729079869022E-10  1.9515678358680969E-10  8.7817105215185448E-06  2.3622201003984213E-10  6.8895490591940253E-11
  6080   194.56000      0.0000000000000000E+00  1.6087341082829981E-10  3.3105960221492035E-10  9.1320515358336077E-06  3.2378215570803210E-10  9.4487583912441074E-11
  6240   199.68000      0.0000000000000000E+00  1.6787073056300366E-10  7.0192941930531860E-10  9.2594377948514887E-06  9.0447948973652236E-11  4.1952712754168103E-11
  6400   204.80000      0.0000000000000000E+00  3.8678190281815959E-10  4.1502196417456380E-10  9.0121517684268388E-06  2.3547426146847293E-10  1.0886186656028035E-10
  6560   209.92000      0.0000000000000000E+00  2.3205945570482674E-10  1.8263194898982250E-10  8.4992218349394435E-06  3.6179703246487103E-10  9.9557689448129446E-11
  6720   215.04000      0.0000000000000000E+00  1.4025647225158843E-10  3.6999452062033464E-10  7.5971888716552789E-06  8.5782876562576669E-11  3.7910962822614247E-11
  6880   220.16000      0.0000000000000000E+00  2.4529864221558555E-10  6.4179417512201338E-10  6.9442826829347121E-06  2.0417570104209487E-10  1.0293335943938217E-10
  7040   225.28000      0.0000000000000000E+00  2.1769790003462969E-10  6.6299638514426724E-10  6.3073119612587027E-06  3.2046152679694914E-10  6.9355619326510255E-11
  7200   230.40000      0.0000000000000000E+00  1.8966449311840646E-10  7.8251187292327911E-10  6.1032503064990994E-06  1.2859377711442973E-10  3.6013197835525434E-11
  7360   235.52000      0.0000000000000000E+00  1.9126572125992880E-10  3.4632757262775662E-10  6.2554643891318347E-06  2.1085974046529379E-10  9.1238497601887030E-11
  7520   240.64000      0.0000000000000000E+00  4.4660500050582092E-10  4.1161646318161195E-10  6.7458998953673745E-06  2.0490062042626699E-10  5.1555591522827457E-11
  7680   245.76000      0.0000000000000000E+00  5.0010651900237102E-10  3.1411434237971586E-10  7.4028259176748731E-06  2.0651286531538979E-10  6.0372867530172768E-11
  7840   250.88000      0.0000000000000000E+00  2.1711917556223098E-10  3.6621187171480287E-10  8.3510042553786458E-06  2.8166095794666198E-10  9.6862238308145071E-11
  8000   256.00000      0.0000000000000000E+00  1.7630924042309984E-10  8.5712702944070929E-10  8.9840455790375102E-06  7.7071886401694481E-11  3.4594751053343155E-11
  8160   261.12000      0.0000000000000000E+00  3.6418794376273034E-10  1.0299893449800233E-09  9.6773388284255683E-06  2.4997120101340563E-10  7.3583780030663369E-11
  8320   266.24000      0.0000000000000000E+00  5.1239521480391238E-10  1.0111225965860311E-09  9.3213427571459497E-06  3.5832433021043719E-10  1.0138594314210857E-10
  8480   271.36000      0.0000000000000000E+00  6.2230285949463425E-10  8.8326898078709161E-10  9.1840897737484789E-06  4.5373634039937364E-11  2.6365726586298842E-11
  8640   276.48000      0.0000000000000000E+00  2.1833489922725410E-10  1.0064467081747344E-09  8.3660371339091162E-06  2.4556774267803035E-10  9.4229031596960684E-11
  8800   281.60000      0.0000000000000000E+00  2.3503871448243662E-10  1.1718673799343505E-09  7.3108056874577920E-06  3.5191047732322580E-10  8.5347229206025272E-11
  8960   286.72000      0.0000000000000000E+00  2.2091543492454363E-10  8.4998453521496970E-10  6.7074822953205897E-06  8.7955133689183739E-11  3.2778215316842925E-11
  9120   291.84000      0.0000000000000000E+00  1.8807301710136846E-10  4.1869688283168762E-10  5.9087243146172792E-06  1.9992738873390146E-10  1.1520900133201489E-10
  9280   296.96000      0.0000000000000000E+00  4.4389930607878620E-10  7.9164782525152100E-10  5.9697623959615671E-06  2.2243726869237355E-10  6.0809623485627039E-11
  9440   302.08000      0.0000000000000000E+00  2.1734096601021958E-10  9.9486005276977192E-10  6.5949795388075744E-06  1.8100080162942684E-10  5.0639798756595784E-11
  9600   307.20000      0.0000000000000000E+00  1.2017453570448747E-10  6.3614878991407983E-10  7.2657081723599172E-06  2.3188613285246143E-10  1.3036316068491715E-10
  9760   312.32000      0.0000000000000000E+00  2.1226362797966022E-10  2.5743921238903817E-10  8.0274036809530529E-06  1.2910160441174021E-10  5.5613853316259483E-11
  9920   317.44000      0.0000000000000000E+00  9.6760635524126667E-11  3.0364598347760545E-10  8.7171073394730810E-06  2.6269659187457169E-10  8.3588004128915107E-11
 10080   322.56000      0.0000000000000000E+00  3.1577722636181765E-10  4.0213142349665815E-10  9.1107289692081755E-06  3.0095732948385730E-10  1.1753860209201164E-10
 10240   327.68000      0.0000000000000000E+00  4.2823979513782579E-10  5.7304112794979448E-10  9.1179896460063618E-06  6.4430593438266801E-11  4.0946389282231286E-11
 10400   332.80000      0.0000000000000000E+00  3.9684044775087460E-10  1.1864401598855618E-09  9.1640410976227608E-06  2.5990184897611033E-10  7.8284440288182130E-11
 10560   337.92000      0.0000000000000000E+00  6.2990167874168758E-10  5.1315676643147325E-10  8.4916318258591293E-06  3.2509114742202319E-10  9.1410404085591750E-11
 10720   343.04000      0.0000000000000000E+00  3.6577568806067602E-10  7.3272434371563837E-10  7.7265426955467420E-06  6.7849043094687624E-11  2.8957827708813272E-11
 10880   348.16000      0.0000000000000000E+00  2.7026882066866857E-10  1.5150717118562458E-10  6.7955488366002805E-06  2.0566197281624215E-10  7.2678209441150408E-11
 11040   353.28000      0.0000000000000000E+00  5.6045651017773073E-10  3.5384809798615449E-10  6.4090990642579370E-06  2.6417787658800072E-10  6.9725235310254571E-11
 11200   358.40000      0.0000000000000000E+00  7.4477542714231380E-10  6.7190762189588313E-10  5.7893928365022362E-06  1.6275978233628625E-10  4.4108495492711774E-11
 11360   363.52000      0.0000000000000000E+00  6.5157727902717854E-10  3.4162692508295892E-10  5.7035765377060704E-06  1.9001278975516715E-10  1.0857971307582010E-10
 11520   368.64000      0.0000000000000000E+00  4.2319339866768595E-10  2.2393483731144680E-10  6.0924942582028710E-06  1.9687688181720905E-10  6.3964783776011497E-11
 11680   373.76000      0.0000000000000000E+00  3.5201567484466402E-10  4.4588515318905537E-10  6.6264109746964305E-06  2.3366289998502632E-10  5.5605982571541849E-11
 11840   378.88000      0.0000000000000000E+00  4.8276877598191074E-10  3.7160699775280044E-10  7.1643445725268101E-06  2.1767146055983679E-10  1.0114906729235391E-10
 12000   384.00000      0.0000000000000000E+00  9.8361821841066561E-10  2.9240875617666299E-10  7.9851230718811696E-06  1.3670195687482763E-10  5.1174605204438398E-11
 12160   389.12000      0.0000000000000000E+00  1.0269491207190717E-09  1.0352111480342910E-10  8.3037630087320885E-06  2.5019302714002877E-10  7.0724396835965859E-11
 12320   394.24000      0.0000000000000000E+00  5.5876256668215645E-10  3.3240642620080542E-10  9.0857646108910783E-06  2.7176566338278477E-10  9.6051549058905693E-11
 12480   399.36000      0.0000000000000000E+00  2.5485795231943590E-10  8.0187465058293711E-10  8.7331440891991879E-06  9.9271173320214173E-11  3.7661983221745418E-11
 12640   404.48000      0.0000000000000000E+00  1.3863971459457109E-10  9.4857250127782275E-10  8.5030457458332686E-06  2.1155432793856168E-10  8.2029780375816085E-11
 12800   409.60000      0.0000000000000000E+00  2.6150546138757966E-10  3.2020958520463692E-10  7.6403087491237267E-06  3.1023270391868347E-10  8.5316248123756483E-11
 12960   414.72000      0.0000000000000000E+00  4.1504000848273408E-10  2.7204466437325799E-10  7.0674987295292504E-06  1.1204511995063690E-10  2.9453452247252274E-11
 13120   419.84000      0.0000000000000000E+00  4.9462879702224544E-10  1.6421969265064327E-10  6.6016686183995464E-06  1.5974523893144427E-10  8.8441962182510864E-11
 13280   424.96000      0.0000000000000000E+00  3.2801856585898239E-10  5.9585359008595651E-10  5.9337160375432523E-06  3.0621376705035884E-10  7.8296742992761993E-11
 13440   430.08000      0.0000000000000000E+00  2.6319818211572249E-10  3.4994453103451214E-10  6.0161807212916834E-06  2.0305112070823740E-10  5.4142337709221179E-11
 13600   435.20000      0.0000000000000000E+00  1.4658729509113220E-10  3.5003913359881016E-10  6.4775158902584620E-06  1.7164583977673713E-10  1.1032774682145347E-10
 13760   440.32000      0.0000000000000000E+00  3.6285308200618566E-10  4.5966896940695791E-10  6.3622977422131852E-06  2.4007623934772571E-10  6.8077734005121046E-11
 13920   445.44000      0.0000000000000000E+00  5.9858702173069682E-10  7.2302668857471742E-10  6.9969667521466127E-06  2.1711602727506801E-10  4.8427111125026095E-11
 14080   450.56000      0.0000000000000000E+00  5.9363989817043975E-10  9.8748828053317918E-10  7.8001615455994766E-06  2.3690047640445660E-10  8.7317109759605069E-11
 14240   455.68000      0.0000000000000000E+00  7.2974192883382952E-10  1.2538867252533728E-09  8.4247298919876439E-06  1.3496958145797117E-10  3.7390637100599269E-11
 14400   460.80000      0.0000000000000000E+00  4.8167986631360433E-10  1.0919684241126639E-09  8.3288299313037130E-06  1.8730402454236145E-10  5.9298815439318724E-11
 14560   465.92000      0.0000000000000000E+00  1.5231277161046544E-10  7.6814792771686008E-10  8.1177065953722097E-06  3.2880897313800968E-10  1.0334836584185781E-10
 14720   471.04000      0.0000000000000000E+00  1.6767228445547731E-10  9.3634626771592490E-10  8.1502903259691015E-06  1.1230666165129723E-10  4.1015592416310366E-11
 14880   476.16000      0.0000000000000000E+00  3.6870487435007513E-10  4.9642532205262372E-10  7.5282231675183529E-06  1.6132850715198438E-10  8.1165057999479800E-11
 15040   481.28000      0.0000000000000000E+00  4.1203181550764761E-10  1.2692112752938117E-10  7.2051704668219958E-06  3.5744772066880904E-10  9.9283101281205509E-11
 15200   486.40000      0.0000000000000000E+00  4.3930694731046093E-10  3.0664556210669982E-10  6.5275070920412247E-06  1.2212150708356128E-10  4.4489629937700975E-11
 15360   491.52000      0.0000000000000000E+00  2.4679509264522781E-10  1.6861975297043903E-10  6.1316373802930238E-06  1.5008847387297236E-10  8.6698714169278999E-11
 15520   496.64000      0.0000000000000000E+00  1.5490049264594661E-10  7.3561624239202382E-10  5.9834999443343766E-06  3.2739924889638948E-10  8.3784279616505338E-11
