! Kinetic energy for species "electrons"
  Iter        Time          Total Par.             Kin. Energy
     0   0.0000000            9600000  1.4200533061883742E-02
   160   5.1200000            9600000  1.4233634613875321E-02
   320   10.240000            9600000  1.4242417889698870E-02
   480   15.360000            9600000  1.4245545663146668E-02
   640   20.480000            9600000  1.4247970717694668E-02
   800   25.600000            9600000  1.4249455337650752E-02
   960   30.720000            9600000  1.4249795693291160E-02
  1120   35.840000            9600000  1.4249169246649426E-02
  1280   40.960000            9600000  1.4247934426064942E-02
  1440   46.080000            9600000  1.4246181635602772E-02
  1600   51.200000            9600000  1.4244391885144977E-02
  1760   56.320000            9600000  1.4242841617163441E-02
  1920   61.440000            9600000  1.4242400910204761E-02
  2080   66.560000            9600000  1.4243237886264205E-02
  2240   71.680000            9600000  1.4245146597899432E-02
  2400   76.800000            9600000  1.4247334012402448E-02
  2560   81.920000            9600000  1.4248923810153972E-02
  2720   87.040000            9600000  1.4249391066761792E-02
  2880   92.160000            9600000  1.4249738649907740E-02
  3040   97.280000            9600000  1.4249885041070588E-02
  3200   102.40000            9600000  1.4249430580702587E-02
  3360   107.52000            9600000  1.4248960997154312E-02
  3520   112.64000            9600000  1.4247875404424024E-02
  3680   117.76000            9600000  1.4246632990306186E-02
  3840   122.88000            9600000  1.4246033708017131E-02
  4000   128.00000            9600000  1.4245661179307333E-02
  4160   133.12000            9600000  1.4245874725302643E-02
  4320   138.24000            9600000  1.4245933824888243E-02
  4480   143.36000            9600000  1.4246563945541843E-02
  4640   148.48000            9600000  1.4247157153343685E-02
  4800   153.60000            9600000  1.4247706760782609E-02
  4960   158.72000            9600000  1.4248274052922061E-02
  5120   163.84000            9600000  1.4248778202562925E-02
  5280   168.96000            9600000  1.4248443486019497E-02
  5440   174.08000            9600000  1.4247814078956434E-02
  5600   179.20000            9600000  1.4247017537693068E-02
  5760   184.32000            9600000  1.4246276296695573E-02
  5920   189.44000            9600000  1.4245999507431426E-02
  6080   194.56000            9600000  1.4245649778194442E-02
  6240   199.68000            9600000  1.4245522422340333E-02
  6400   204.80000            9600000  1.4245769198778112E-02
  6560   209.92000            9600000  1.4246281549851155E-02
  6720   215.04000            9600000  1.4247182537528942E-02
  6880   220.16000            9600000  1.4247833810893879E-02
  7040   225.28000            9600000  1.4248469880900604E-02
  7200   230.40000            9600000  1.4248673659236200E-02
  7360   235.52000            9600000  1.4248521858400118E-02
  7520   240.64000            9600000  1.4248031956636797E-02
  7680   245.76000            9600000  1.4247375956959451E-02
  7840   250.88000            9600000  1.4246429488994019E-02
  8000   256.00000            9600000  1.4245797191005912E-02
  8160   261.12000            9600000  1.4245104313857544E-02
  8320   266.24000            9600000  1.4245459392332568E-02
  8480   271.36000            9600000  1.4245597065824777E-02
  8640   276.48000            9600000  1.4246413902781908E-02
  8800   281.60000            9600000  1.4247467054940018E-02
  8960   286.72000            9600000  1.4248070138844373E-02
  9120   291.84000            9600000  1.4248867846998220E-02
  9280   296.96000            9600000  1.4248806343807228E-02
  9440   302.08000            9600000  1.4248182167469023E-02
  9600   307.20000            9600000  1.4247512890404771E-02
  9760   312.32000            9600000  1.4246752680631880E-02
  9920   317.44000            9600000  1.4246064087269219E-02
 10080   322.56000            9600000  1.4245670616058302E-02
 10240   327.68000            9600000  1.4245663235352587E-02
 10400   332.80000            9600000  1.4245616530545582E-02
 10560   337.92000            9600000  1.4246288310928033E-02
 10720   343.04000            9600000  1.4247052498042433E-02
 10880   348.16000            9600000  1.4247982519280628E-02
 11040   353.28000            9600000  1.4248367858352817E-02
 11200   358.40000            9600000  1.4248986232984380E-02
 11360   363.52000            9600000  1.4249072156672479E-02
 11520   368.64000            9600000  1.4248684317342320E-02
 11680   373.76000            9600000  1.4248150906297278E-02
 11840   378.88000            9600000  1.4247613904810320E-02
 12000   384.00000            9600000  1.4246794114552742E-02
 12160   389.12000            9600000  1.4246475891220481E-02
 12320   394.24000            9600000  1.4245695369794229E-02
 12480   399.36000            9600000  1.4246047487465163E-02
 12640   404.48000            9600000  1.4246277179634063E-02
 12800   409.60000            9600000  1.4247138987959877E-02
 12960   414.72000            9600000  1.4247711136836937E-02
 13120   419.84000            9600000  1.4248176351236087E-02
 13280   424.96000            9600000  1.4248842808355481E-02
 13440   430.08000            9600000  1.4248760886604771E-02
 13600   435.20000            9600000  1.4248300429457544E-02
 13760   440.32000            9600000  1.4248415163342425E-02
 13920   445.44000            9600000  1.4247781008475397E-02
 14080   450.56000            9600000  1.4246978693950210E-02
 14240   455.68000            9600000  1.4246354893571659E-02
 14400   460.80000            9600000  1.4246451053901130E-02
 14560   465.92000            9600000  1.4246662339998200E-02
 14720   471.04000            9600000  1.4246630050340121E-02
 14880   476.16000            9600000  1.4247251344196009E-02
 15040   481.28000            9600000  1.4247574020125865E-02
 15200   486.40000            9600000  1.4248250756953780E-02
 15360   491.52000            9600000  1.4248646216900290E-02
 15520   496.64000            9600000  1.4248793345052475E-02
